-------------------
INSTANCE ATTRIBUTES
-------------------
NAME: Ai31D.ocarp
VEHICLES: 4
CAPACITY: 75
NODES: 31
EDGES: 52
REQUIRED_EDGES: 52
<NODE1> <NODE2> <REQ> <COST> <DEMAND>
30 31 1 8.00 9.00
28 29 1 5.00 6.00
26 27 1 5.00 5.00
25 27 1 4.00 6.00
24 25 1 3.00 5.00
23 24 1 5.00 9.00
23 26 1 6.00 7.00
22 23 1 6.00 1.00
22 24 1 4.00 7.00
21 22 1 5.00 9.00
20 22 1 6.00 9.00
19 23 1 10.00 4.00
19 20 1 6.00 1.00
18 20 1 4.00 1.00
18 21 1 4.00 3.00
17 18 1 3.00 3.00
17 21 1 4.00 3.00
16 30 1 3.00 4.00
16 19 1 11.00 1.00
16 18 1 4.00 4.00
15 30 1 4.00 2.00
15 17 1 5.00 3.00
14 31 1 5.00 8.00
14 15 1 2.00 4.00
13 14 1 6.00 7.00
12 11 1 5.00 8.00
12 13 1 6.00 7.00
11 25 1 6.00 8.00
10 28 1 3.00 6.00
10 29 1 3.00 1.00
10 26 1 7.00 3.00
10 27 1 3.00 8.00
10 11 1 6.00 1.00
9 29 1 4.00 4.00
9 10 1 5.00 4.00
8 12 1 5.00 6.00
7 31 1 6.00 6.00
7 14 1 7.00 7.00
6 7 1 5.00 6.00
5 6 1 3.00 5.00
5 8 1 5.00 5.00
4 7 1 6.00 6.00
4 6 1 5.00 2.00
3 4 1 6.00 7.00
3 5 1 4.00 3.00
3 9 1 12.00 4.00
2 3 1 3.00 4.00
1 21 1 3.00 3.00
1 17 1 6.00 6.00
1 13 1 6.00 8.00
1 22 1 5.00 9.00
1 11 1 8.00 6.00



-------------------
SOLUTION ATTRIBUTES
-------------------
PATH_REQUIRED_ARCS <no.> <cost> <remaining capacity> <# req. arcs>: <reqArc 1-start>-<reqArc 1-end> <reqArc 2-start>-<reqArc 2-end> ... <reqArc k-start>-<reqArc k-end>
PATH 1 83.0 4.0 16: 2-3 3-4 4-6 6-5 5-3 3-9 29-9 9-10 10-26 26-27 27-10 10-28 28-29 29-10 10-11 11-12 
PATH 2 76.0 5.0 11: 13-1 22-24 25-11 11-1 1-22 22-23 23-24 24-25 25-27 26-23 23-19 
PATH 3 86.0 2.0 17: 20-19 19-16 16-18 18-20 20-22 22-21 21-17 17-1 1-21 21-18 18-17 17-15 15-30 30-16 30-31 31-14 14-15 
PATH 4 49.0 25.0 8: 31-7 7-14 14-13 13-12 12-8 8-5 6-7 7-4 
(Note: subsequent required arcs are traversed through their shortest paths)

TOTAL_COST = 294.0

