-------------------
INSTANCE ATTRIBUTES
-------------------
NAME: Ai31C.ocarp
VEHICLES: 6
CAPACITY: 50
NODES: 31
EDGES: 52
REQUIRED_EDGES: 52
<NODE1> <NODE2> <REQ> <COST> <DEMAND>
30 31 1 8.00 9.00
28 29 1 5.00 6.00
26 27 1 5.00 5.00
25 27 1 4.00 6.00
24 25 1 3.00 5.00
23 24 1 5.00 9.00
23 26 1 6.00 7.00
22 23 1 6.00 1.00
22 24 1 4.00 7.00
21 22 1 5.00 9.00
20 22 1 6.00 9.00
19 23 1 10.00 4.00
19 20 1 6.00 1.00
18 20 1 4.00 1.00
18 21 1 4.00 3.00
17 18 1 3.00 3.00
17 21 1 4.00 3.00
16 30 1 3.00 4.00
16 19 1 11.00 1.00
16 18 1 4.00 4.00
15 30 1 4.00 2.00
15 17 1 5.00 3.00
14 31 1 5.00 8.00
14 15 1 2.00 4.00
13 14 1 6.00 7.00
12 11 1 5.00 8.00
12 13 1 6.00 7.00
11 25 1 6.00 8.00
10 28 1 3.00 6.00
10 29 1 3.00 1.00
10 26 1 7.00 3.00
10 27 1 3.00 8.00
10 11 1 6.00 1.00
9 29 1 4.00 4.00
9 10 1 5.00 4.00
8 12 1 5.00 6.00
7 31 1 6.00 6.00
7 14 1 7.00 7.00
6 7 1 5.00 6.00
5 6 1 3.00 5.00
5 8 1 5.00 5.00
4 7 1 6.00 6.00
4 6 1 5.00 2.00
3 4 1 6.00 7.00
3 5 1 4.00 3.00
3 9 1 12.00 4.00
2 3 1 3.00 4.00
1 21 1 3.00 3.00
1 17 1 6.00 6.00
1 13 1 6.00 8.00
1 22 1 5.00 9.00
1 11 1 8.00 6.00



-------------------
SOLUTION ATTRIBUTES
-------------------
PATH_REQUIRED_ARCS <no.> <cost> <remaining capacity> <# req. arcs>: <reqArc 1-start>-<reqArc 1-end> <reqArc 2-start>-<reqArc 2-end> ... <reqArc k-start>-<reqArc k-end>
PATH 1 74.0 0.0 12: 19-23 23-22 22-1 1-11 11-10 10-28 28-29 29-9 9-10 10-29 9-3 3-2 
PATH 2 61.0 7.0 10: 4-7 7-14 14-31 31-30 30-16 16-19 19-20 20-18 18-16 30-15 
PATH 3 48.0 3.0 9: 31-7 7-6 5-3 3-4 4-6 6-5 5-8 8-12 12-13 
PATH 4 44.0 1.0 10: 1-13 13-14 14-15 15-17 17-1 1-21 21-18 18-17 17-21 21-22 
PATH 5 27.0 13.0 5: 20-22 22-24 25-24 24-23 23-26 
PATH 6 30.0 12.0 6: 27-26 26-10 10-27 27-25 25-11 11-12 
(Note: subsequent required arcs are traversed through their shortest paths)

TOTAL_COST = 284.0

