-------------------
INSTANCE ATTRIBUTES
-------------------
NAME: Ai40B.ocarp
VEHICLES: 13
CAPACITY: 25
NODES: 40
EDGES: 69
REQUIRED_EDGES: 63
<NODE1> <NODE2> <REQ> <COST> <DEMAND>
37 38 1 7.00 5.00
36 38 1 5.00 6.00
36 37 1 5.00 5.00
35 36 0 3.00 0.00
34 35 1 4.00 8.00
33 37 1 4.00 5.00
33 35 0 5.00 0.00
32 33 1 4.00 7.00
30 31 1 4.00 2.00
29 32 1 5.00 8.00
29 30 1 3.00 7.00
27 28 1 4.00 5.00
26 27 1 5.00 7.00
25 26 1 5.00 8.00
24 25 1 4.00 3.00
23 26 1 5.00 5.00
22 23 1 4.00 8.00
22 24 1 5.00 3.00
20 40 1 5.00 8.00
19 20 1 5.00 1.00
18 19 1 3.00 3.00
18 20 1 4.00 3.00
17 39 1 3.00 1.00
17 40 1 5.00 7.00
16 26 1 4.00 3.00
16 28 1 5.00 5.00
15 16 1 4.00 3.00
15 28 1 4.00 4.00
15 29 0 6.00 0.00
14 15 0 2.00 0.00
13 34 1 5.00 1.00
13 14 1 5.00 6.00
13 32 1 6.00 6.00
12 13 1 4.00 1.00
11 23 1 4.00 1.00
11 16 1 5.00 6.00
10 22 1 6.00 4.00
10 21 1 5.00 6.00
9 33 1 6.00 1.00
9 31 1 8.00 9.00
8 40 1 4.00 4.00
8 10 1 4.00 9.00
8 20 1 6.00 7.00
8 11 1 5.00 9.00
8 12 1 4.00 2.00
7 39 0 6.00 0.00
7 17 1 6.00 2.00
7 8 1 5.00 7.00
7 34 1 4.00 8.00
6 15 1 7.00 3.00
6 27 1 7.00 9.00
6 29 1 5.00 5.00
6 31 1 8.00 8.00
5 24 1 5.00 6.00
5 22 1 6.00 8.00
5 21 1 9.00 7.00
4 21 0 5.00 0.00
4 20 1 5.00 1.00
4 19 1 8.00 1.00
3 18 1 5.00 7.00
3 17 1 6.00 7.00
2 38 1 7.00 9.00
2 7 1 9.00 2.00
2 3 1 14.00 1.00
2 35 1 6.00 2.00
1 11 1 3.00 5.00
1 12 1 3.00 8.00
1 13 1 4.00 9.00
1 14 1 5.00 8.00



-------------------
SOLUTION ATTRIBUTES
-------------------
PATH_REQUIRED_ARCS <no.> <cost> <remaining capacity> <# req. arcs>: <reqArc 1-start>-<reqArc 1-end> <reqArc 2-start>-<reqArc 2-end> ... <reqArc k-start>-<reqArc k-end>
PATH 1 23.0 0.0 4: 31-9 9-33 33-32 32-29 
PATH 2 27.0 0.0 5: 15-6 6-29 29-30 30-31 31-6 
PATH 3 21.0 0.0 4: 6-27 27-28 28-16 16-11 
PATH 4 24.0 0.0 5: 11-1 1-12 12-13 13-32 33-37 
PATH 5 24.0 0.0 4: 38-36 36-37 37-38 38-2 
PATH 6 52.0 0.0 8: 2-3 3-18 18-19 19-20 20-4 4-19 18-20 20-40 
PATH 7 21.0 0.0 4: 10-8 8-12 1-14 14-13 
PATH 8 18.0 0.0 4: 34-7 7-8 8-11 11-23 
PATH 9 26.0 0.0 5: 24-25 25-26 26-27 28-15 15-16 
PATH 10 23.0 0.0 5: 16-26 26-23 23-22 22-24 24-5 
PATH 11 26.0 0.0 4: 5-21 21-10 10-22 22-5 
PATH 12 37.0 0.0 7: 1-13 13-34 34-35 35-2 2-7 7-17 17-39 
PATH 13 21.0 0.0 4: 3-17 17-40 40-8 8-20 
(Note: subsequent required arcs are traversed through their shortest paths)

TOTAL_COST = 343.0

