-------------------
INSTANCE ATTRIBUTES
-------------------
NAME: Ai40A.ocarp
VEHICLES: 25
CAPACITY: 13
NODES: 40
EDGES: 69
REQUIRED_EDGES: 63
<NODE1> <NODE2> <REQ> <COST> <DEMAND>
37 38 1 7.00 5.00
36 38 1 5.00 6.00
36 37 1 5.00 5.00
35 36 0 3.00 0.00
34 35 1 4.00 8.00
33 37 1 4.00 5.00
33 35 0 5.00 0.00
32 33 1 4.00 7.00
30 31 1 4.00 2.00
29 32 1 5.00 8.00
29 30 1 3.00 7.00
27 28 1 4.00 5.00
26 27 1 5.00 7.00
25 26 1 5.00 8.00
24 25 1 4.00 3.00
23 26 1 5.00 5.00
22 23 1 4.00 8.00
22 24 1 5.00 3.00
20 40 1 5.00 8.00
19 20 1 5.00 1.00
18 19 1 3.00 3.00
18 20 1 4.00 3.00
17 39 1 3.00 1.00
17 40 1 5.00 7.00
16 26 1 4.00 3.00
16 28 1 5.00 5.00
15 16 1 4.00 3.00
15 28 1 4.00 4.00
15 29 0 6.00 0.00
14 15 0 2.00 0.00
13 34 1 5.00 1.00
13 14 1 5.00 6.00
13 32 1 6.00 6.00
12 13 1 4.00 1.00
11 23 1 4.00 1.00
11 16 1 5.00 6.00
10 22 1 6.00 4.00
10 21 1 5.00 6.00
9 33 1 6.00 1.00
9 31 1 8.00 9.00
8 40 1 4.00 4.00
8 10 1 4.00 9.00
8 20 1 6.00 7.00
8 11 1 5.00 9.00
8 12 1 4.00 2.00
7 39 0 6.00 0.00
7 17 1 6.00 2.00
7 8 1 5.00 7.00
7 34 1 4.00 8.00
6 15 1 7.00 3.00
6 27 1 7.00 9.00
6 29 1 5.00 5.00
6 31 1 8.00 8.00
5 24 1 5.00 6.00
5 22 1 6.00 8.00
5 21 1 9.00 7.00
4 21 0 5.00 0.00
4 20 1 5.00 1.00
4 19 1 8.00 1.00
3 18 1 5.00 7.00
3 17 1 6.00 7.00
2 38 1 7.00 9.00
2 7 1 9.00 2.00
2 3 1 14.00 1.00
2 35 1 6.00 2.00
1 11 1 3.00 5.00
1 12 1 3.00 8.00
1 13 1 4.00 9.00
1 14 1 5.00 8.00



-------------------
SOLUTION ATTRIBUTES
-------------------
PATH_REQUIRED_ARCS <no.> <cost> <remaining capacity> <# req. arcs>: <reqArc 1-start>-<reqArc 1-end> <reqArc 2-start>-<reqArc 2-end> ... <reqArc k-start>-<reqArc k-end>
PATH 1 31.0 0.0 3: 40-17 17-39 33-37 
PATH 2 22.0 0.0 3: 38-2 2-7 7-17 
PATH 3 28.0 0.0 2: 3-17 36-38 
PATH 4 23.0 0.0 2: 38-37 34-7 
PATH 5 15.0 0.0 2: 7-8 11-16 
PATH 6 15.0 0.0 2: 26-23 22-5 
PATH 7 10.0 0.0 2: 22-10 10-8 
PATH 8 21.0 0.0 4: 8-12 12-13 13-1 13-34 
PATH 9 29.0 0.0 4: 35-2 2-3 3-18 18-20 
PATH 10 15.0 0.0 2: 20-8 10-21 
PATH 11 14.0 0.0 2: 21-5 5-24 
PATH 12 29.0 0.0 4: 24-22 22-23 23-11 20-19 
PATH 13 21.0 0.0 4: 18-19 19-4 4-20 20-40 
PATH 14 9.0 0.0 2: 40-8 8-11 
PATH 15 6.0 0.0 2: 11-1 1-12 
PATH 16 15.0 0.0 2: 1-14 28-27 
PATH 17 14.0 0.0 2: 28-16 26-25 
PATH 18 23.0 0.0 3: 24-25 27-26 26-16 
PATH 19 31.0 0.0 3: 16-15 31-9 9-33 
PATH 20 10.0 0.0 2: 33-32 32-13 
PATH 21 16.0 0.0 2: 13-14 29-30 
PATH 22 19.0 0.0 3: 30-31 31-6 6-15 
PATH 23 15.0 0.0 2: 15-28 27-6 
PATH 24 10.0 0.0 2: 6-29 29-32 
PATH 25 12.0 0.0 2: 37-36 35-34 
(Note: subsequent required arcs are traversed through their shortest paths)

TOTAL_COST = 453.0

