-------------------
INSTANCE ATTRIBUTES
-------------------
NAME: Bi27B.ocarp
VEHICLES: 16
CAPACITY: 25
NODES: 27
EDGES: 43
REQUIRED_EDGES: 33
<NODE1> <NODE2> <REQ> <COST> <DEMAND>
26 27 0 5.00 0.00
25 27 1 4.00 12.00
24 25 0 3.00 0.00
23 24 1 5.00 5.00
23 26 1 6.00 24.00
22 23 1 6.00 12.00
22 24 1 4.00 7.00
21 22 0 5.00 0.00
20 22 1 6.00 15.00
19 23 1 10.00 18.00
19 20 1 6.00 16.00
18 20 1 4.00 6.00
18 21 0 4.00 0.00
17 18 1 3.00 8.00
17 21 0 4.00 0.00
16 19 1 11.00 20.00
16 18 1 4.00 3.00
15 17 1 5.00 15.00
14 15 1 2.00 4.00
13 14 0 6.00 0.00
12 11 1 5.00 15.00
12 13 1 6.00 17.00
11 25 0 6.00 0.00
10 26 1 7.00 19.00
10 27 1 3.00 6.00
10 11 0 6.00 0.00
9 10 1 5.00 20.00
8 12 1 5.00 4.00
7 14 1 7.00 25.00
6 7 1 5.00 20.00
5 6 0 3.00 0.00
5 8 1 5.00 8.00
4 7 1 6.00 5.00
4 6 1 5.00 12.00
3 4 1 6.00 17.00
3 5 1 4.00 3.00
3 9 1 12.00 3.00
2 3 1 3.00 1.00
1 21 0 3.00 0.00
1 17 1 6.00 20.00
1 13 1 6.00 5.00
1 22 1 5.00 5.00
1 11 1 8.00 7.00



-------------------
SOLUTION ATTRIBUTES
-------------------
PATH_REQUIRED_ARCS <no.> <cost> <remaining capacity> <# req. arcs>: <reqArc 1-start>-<reqArc 1-end> <reqArc 2-start>-<reqArc 2-end> ... <reqArc k-start>-<reqArc k-end>
PATH 1 15.0 2.0 2: 19-16 16-18 
PATH 2 11.0 0.0 2: 22-1 1-17 
PATH 3 13.0 1.0 2: 17-18 20-19 
PATH 4 15.0 2.0 2: 19-23 23-24 
PATH 5 13.0 3.0 2: 12-11 11-1 
PATH 6 12.0 3.0 2: 1-13 13-12 
PATH 7 18.0 1.0 3: 12-8 8-5 6-4 
PATH 8 10.0 5.0 2: 4-3 3-5 
PATH 9 20.0 1.0 3: 2-3 3-9 9-10 
PATH 10 17.0 1.0 2: 27-25 22-23 
PATH 11 6.0 1.0 1: 23-26 
PATH 12 10.0 0.0 2: 26-10 10-27 
PATH 13 10.0 3.0 2: 24-22 22-20 
PATH 14 14.0 0.0 3: 20-18 17-15 15-14 
PATH 15 7.0 0.0 1: 14-7 
PATH 16 11.0 0.0 2: 6-7 7-4 
(Note: subsequent required arcs are traversed through their shortest paths)

TOTAL_COST = 202.0

