-------------------
INSTANCE ATTRIBUTES
-------------------
NAME: Bi27C.ocarp
VEHICLES: 8
CAPACITY: 50
NODES: 27
EDGES: 43
REQUIRED_EDGES: 33
<NODE1> <NODE2> <REQ> <COST> <DEMAND>
26 27 0 5.00 0.00
25 27 1 4.00 12.00
24 25 0 3.00 0.00
23 24 1 5.00 5.00
23 26 1 6.00 24.00
22 23 1 6.00 12.00
22 24 1 4.00 7.00
21 22 0 5.00 0.00
20 22 1 6.00 15.00
19 23 1 10.00 18.00
19 20 1 6.00 16.00
18 20 1 4.00 6.00
18 21 0 4.00 0.00
17 18 1 3.00 8.00
17 21 0 4.00 0.00
16 19 1 11.00 20.00
16 18 1 4.00 3.00
15 17 1 5.00 15.00
14 15 1 2.00 4.00
13 14 0 6.00 0.00
12 11 1 5.00 15.00
12 13 1 6.00 17.00
11 25 0 6.00 0.00
10 26 1 7.00 19.00
10 27 1 3.00 6.00
10 11 0 6.00 0.00
9 10 1 5.00 20.00
8 12 1 5.00 4.00
7 14 1 7.00 25.00
6 7 1 5.00 20.00
5 6 0 3.00 0.00
5 8 1 5.00 8.00
4 7 1 6.00 5.00
4 6 1 5.00 12.00
3 4 1 6.00 17.00
3 5 1 4.00 3.00
3 9 1 12.00 3.00
2 3 1 3.00 1.00
1 21 0 3.00 0.00
1 17 1 6.00 20.00
1 13 1 6.00 5.00
1 22 1 5.00 5.00
1 11 1 8.00 7.00



-------------------
SOLUTION ATTRIBUTES
-------------------
PATH_REQUIRED_ARCS <no.> <cost> <remaining capacity> <# req. arcs>: <reqArc 1-start>-<reqArc 1-end> <reqArc 2-start>-<reqArc 2-end> ... <reqArc k-start>-<reqArc k-end>
PATH 1 31.0 4.0 6: 5-8 8-12 12-13 13-1 1-22 22-24 
PATH 2 23.0 2.0 4: 24-23 23-22 22-20 20-19 
PATH 3 29.0 3.0 4: 20-18 18-16 16-19 19-23 
PATH 4 13.0 7.0 2: 23-26 26-10 
PATH 5 28.0 6.0 5: 25-27 27-10 10-9 9-3 3-5 
PATH 6 19.0 0.0 4: 2-3 3-4 4-6 6-7 
PATH 7 20.0 1.0 4: 4-7 7-14 14-15 15-17 
PATH 8 22.0 0.0 4: 18-17 17-1 1-11 11-12 
(Note: subsequent required arcs are traversed through their shortest paths)

TOTAL_COST = 185.0

