-------------------
INSTANCE ATTRIBUTES
-------------------
NAME: Bi31C.ocarp
VEHICLES: 10
CAPACITY: 50
NODES: 31
EDGES: 52
REQUIRED_EDGES: 42
<NODE1> <NODE2> <REQ> <COST> <DEMAND>
30 31 1 8.00 23.00
28 29 1 5.00 8.00
26 27 0 5.00 0.00
25 27 1 4.00 9.00
24 25 1 3.00 4.00
23 24 1 5.00 10.00
23 26 1 6.00 18.00
22 23 1 6.00 6.00
22 24 1 4.00 7.00
21 22 1 5.00 17.00
20 22 1 6.00 15.00
19 23 1 10.00 19.00
19 20 1 6.00 16.00
18 20 1 4.00 3.00
18 21 1 4.00 4.00
17 18 0 3.00 0.00
17 21 1 4.00 7.00
16 30 0 3.00 0.00
16 19 1 11.00 20.00
16 18 1 4.00 3.00
15 30 0 4.00 0.00
15 17 1 5.00 15.00
14 31 1 5.00 10.00
14 15 1 2.00 4.00
13 14 1 6.00 5.00
12 11 0 5.00 0.00
12 13 1 6.00 11.00
11 25 1 6.00 10.00
10 28 1 3.00 3.00
10 29 1 3.00 6.00
10 26 1 7.00 6.00
10 27 0 3.00 0.00
10 11 1 6.00 5.00
9 29 1 4.00 4.00
9 10 1 5.00 15.00
8 12 1 5.00 16.00
7 31 1 6.00 20.00
7 14 1 7.00 25.00
6 7 1 5.00 20.00
5 6 0 3.00 0.00
5 8 1 51.00 13.00
4 7 1 6.00 5.00
4 6 1 5.00 16.00
3 4 1 6.00 17.00
3 5 1 4.00 9.00
3 9 1 12.00 22.00
2 3 1 3.00 4.00
1 21 0 3.00 0.00
1 17 1 6.00 5.00
1 13 0 6.00 0.00
1 22 1 5.00 10.00
1 11 0 8.00 0.00



-------------------
SOLUTION ATTRIBUTES
-------------------
PATH_REQUIRED_ARCS <no.> <cost> <remaining capacity> <# req. arcs>: <reqArc 1-start>-<reqArc 1-end> <reqArc 2-start>-<reqArc 2-end> ... <reqArc k-start>-<reqArc k-end>
PATH 1 20.0 2.0 3: 30-31 31-7 7-4 
PATH 2 14.0 13.0 3: 2-3 3-4 4-6 
PATH 3 14.0 1.0 3: 6-7 7-14 14-15 
PATH 4 29.0 0.0 5: 21-22 22-1 1-17 18-20 20-22 
PATH 5 26.0 2.0 4: 24-22 22-23 23-19 19-20 
PATH 6 28.0 1.0 5: 19-16 16-18 18-21 21-17 17-15 
PATH 7 22.0 8.0 4: 31-14 14-13 13-12 12-8 
PATH 8 71.0 2.0 4: 8-5 5-3 3-9 9-29 
PATH 9 25.0 3.0 5: 10-26 26-23 23-24 24-25 25-27 
PATH 10 28.0 3.0 6: 25-11 11-10 10-28 28-29 29-10 10-9 
(Note: subsequent required arcs are traversed through their shortest paths)

TOTAL_COST = 277.0

