-------------------
INSTANCE ATTRIBUTES
-------------------
NAME: Bi31B.ocarp
VEHICLES: 19
CAPACITY: 25
NODES: 31
EDGES: 52
REQUIRED_EDGES: 42
<NODE1> <NODE2> <REQ> <COST> <DEMAND>
30 31 1 8.00 23.00
28 29 1 5.00 8.00
26 27 0 5.00 0.00
25 27 1 4.00 9.00
24 25 1 3.00 4.00
23 24 1 5.00 10.00
23 26 1 6.00 18.00
22 23 1 6.00 6.00
22 24 1 4.00 7.00
21 22 1 5.00 17.00
20 22 1 6.00 15.00
19 23 1 10.00 19.00
19 20 1 6.00 16.00
18 20 1 4.00 3.00
18 21 1 4.00 4.00
17 18 0 3.00 0.00
17 21 1 4.00 7.00
16 30 0 3.00 0.00
16 19 1 11.00 20.00
16 18 1 4.00 3.00
15 30 0 4.00 0.00
15 17 1 5.00 15.00
14 31 1 5.00 10.00
14 15 1 2.00 4.00
13 14 1 6.00 5.00
12 11 0 5.00 0.00
12 13 1 6.00 11.00
11 25 1 6.00 10.00
10 28 1 3.00 3.00
10 29 1 3.00 6.00
10 26 1 7.00 6.00
10 27 0 3.00 0.00
10 11 1 6.00 5.00
9 29 1 4.00 4.00
9 10 1 5.00 15.00
8 12 1 5.00 16.00
7 31 1 6.00 20.00
7 14 1 7.00 25.00
6 7 1 5.00 20.00
5 6 0 3.00 0.00
5 8 1 51.00 13.00
4 7 1 6.00 5.00
4 6 1 5.00 16.00
3 4 1 6.00 17.00
3 5 1 4.00 9.00
3 9 1 12.00 22.00
2 3 1 3.00 4.00
1 21 0 3.00 0.00
1 17 1 6.00 5.00
1 13 0 6.00 0.00
1 22 1 5.00 10.00
1 11 0 8.00 0.00



-------------------
SOLUTION ATTRIBUTES
-------------------
PATH_REQUIRED_ARCS <no.> <cost> <remaining capacity> <# req. arcs>: <reqArc 1-start>-<reqArc 1-end> <reqArc 2-start>-<reqArc 2-end> ... <reqArc k-start>-<reqArc k-end>
PATH 1 19.0 0.0 3: 8-12 13-14 14-15 
PATH 2 8.0 2.0 1: 30-31 
PATH 3 7.0 0.0 1: 7-14 
PATH 4 62.0 1.0 2: 13-12 8-5 
PATH 5 15.0 1.0 2: 2-3 6-7 
PATH 6 12.0 0.0 2: 4-7 7-31 
PATH 7 12.0 0.0 2: 31-14 15-17 
PATH 8 15.0 2.0 2: 19-16 16-18 
PATH 9 11.0 0.0 2: 20-22 22-1 
PATH 10 14.0 2.0 3: 21-18 18-20 20-19 
PATH 11 16.0 0.0 2: 19-23 23-22 
PATH 12 9.0 1.0 2: 22-21 21-17 
PATH 13 22.0 0.0 4: 17-1 22-24 24-25 25-27 
PATH 14 12.0 0.0 3: 10-9 9-29 29-10 
PATH 15 20.0 0.0 3: 10-11 11-25 24-23 
PATH 16 13.0 1.0 2: 23-26 26-10 
PATH 17 27.0 0.0 2: 28-29 3-4 
PATH 18 12.0 0.0 2: 4-6 5-3 
PATH 19 20.0 0.0 2: 3-9 10-28 
(Note: subsequent required arcs are traversed through their shortest paths)

TOTAL_COST = 326.0

