-------------------
INSTANCE ATTRIBUTES
-------------------
NAME: gdb11.ocarp
VEHICLES: 5
CAPACITY: 50
NODES: 22
EDGES: 45
REQUIRED_EDGES: 45
<NODE1> <NODE2> <REQ> <COST> <DEMAND>
21 22 1 15.00 7.00
20 21 1 6.00 8.00
19 20 1 6.00 2.00
18 19 1 19.00 3.00
17 18 1 2.00 8.00
16 17 1 7.00 6.00
15 16 1 3.00 3.00
14 15 1 15.00 9.00
13 22 1 6.00 2.00
13 14 1 5.00 7.00
12 17 1 2.00 9.00
11 16 1 2.00 2.00
11 12 1 7.00 6.00
10 18 1 2.00 8.00
10 12 1 2.00 7.00
9 19 1 2.00 7.00
9 10 1 19.00 3.00
8 20 1 2.00 8.00
8 12 1 5.00 2.00
8 9 1 14.00 9.00
7 13 1 2.00 1.00
7 5 1 5.00 3.00
7 4 1 11.00 5.00
7 2 1 6.00 8.00
6 15 1 2.00 2.00
6 11 1 3.00 5.00
5 14 1 2.00 3.00
5 6 1 15.00 4.00
5 1 1 9.00 9.00
4 11 1 17.00 4.00
4 6 1 10.00 5.00
4 1 1 7.00 7.00
3 21 1 2.00 1.00
3 9 1 6.00 5.00
3 8 1 18.00 6.00
3 4 1 8.00 1.00
2 22 1 2.00 6.00
2 5 1 8.00 4.00
2 4 1 18.00 5.00
2 3 1 15.00 1.00
2 1 1 11.00 9.00
1 11 1 12.00 3.00
1 10 1 13.00 1.00
1 9 1 4.00 6.00
1 8 1 9.00 4.00



-------------------
SOLUTION ATTRIBUTES
-------------------
PATH_REQUIRED_ARCS <no.> <cost> <remaining capacity> <# req. arcs>: <reqArc 1-start>-<reqArc 1-end> <reqArc 2-start>-<reqArc 2-end> ... <reqArc k-start>-<reqArc k-end>
PATH 1 69.0 2.0 10: 22-2 2-3 21-3 3-9 9-1 1-8 8-20 20-21 21-22 22-13 
PATH 2 66.0 3.0 10: 14-13 13-7 7-2 2-5 5-7 7-4 4-6 6-15 15-14 14-5 
PATH 3 64.0 18.0 6: 19-9 9-10 10-18 18-19 19-20 8-9 
PATH 4 96.0 1.0 10: 1-2 2-4 4-3 3-8 8-12 12-10 10-1 1-11 11-12 12-17 
PATH 5 67.0 2.0 9: 18-17 17-16 16-11 11-4 4-1 1-5 5-6 6-11 16-15 
(Note: subsequent required arcs are traversed through their shortest paths)

TOTAL_COST = 362.0

