-------------------
INSTANCE ATTRIBUTES
-------------------
NAME: gdb23.ocarp
VEHICLES: 10
CAPACITY: 27
NODES: 11
EDGES: 55
REQUIRED_EDGES: 55
<NODE1> <NODE2> <REQ> <COST> <DEMAND>
10 11 1 4.00 4.00
9 11 1 7.00 6.00
9 10 1 4.00 5.00
8 11 1 6.00 4.00
8 10 1 5.00 8.00
8 9 1 4.00 8.00
7 11 1 4.00 3.00
7 10 1 6.00 1.00
7 9 1 1.00 8.00
7 8 1 2.00 2.00
6 11 1 4.00 2.00
6 10 1 6.00 2.00
6 9 1 6.00 3.00
6 8 1 3.00 8.00
6 7 1 5.00 7.00
5 11 1 7.00 1.00
5 10 1 6.00 3.00
5 9 1 8.00 5.00
5 8 1 4.00 3.00
5 7 1 5.00 1.00
5 6 1 8.00 4.00
4 11 1 4.00 9.00
4 10 1 2.00 8.00
4 9 1 6.00 1.00
4 8 1 7.00 5.00
4 7 1 5.00 6.00
4 6 1 1.00 1.00
4 5 1 2.00 1.00
3 11 1 2.00 1.00
3 10 1 2.00 6.00
3 9 1 4.00 7.00
3 8 1 5.00 5.00
3 7 1 1.00 4.00
3 6 1 4.00 1.00
3 5 1 1.00 2.00
3 4 1 7.00 6.00
2 11 1 2.00 8.00
2 10 1 7.00 7.00
2 9 1 8.00 9.00
2 8 1 7.00 9.00
2 7 1 3.00 4.00
2 6 1 1.00 5.00
2 5 1 8.00 6.00
2 4 1 1.00 6.00
2 3 1 5.00 7.00
1 11 1 1.00 8.00
1 10 1 2.00 5.00
1 9 1 2.00 1.00
1 8 1 1.00 4.00
1 7 1 2.00 8.00
1 6 1 3.00 7.00
1 5 1 3.00 9.00
1 4 1 1.00 4.00
1 3 1 7.00 1.00
1 2 1 1.00 7.00



-------------------
SOLUTION ATTRIBUTES
-------------------
PATH_REQUIRED_ARCS <no.> <cost> <remaining capacity> <# req. arcs>: <reqArc 1-start>-<reqArc 1-end> <reqArc 2-start>-<reqArc 2-end> ... <reqArc k-start>-<reqArc k-end>
PATH 1 30.0 0.0 7: 5-6 6-10 10-3 3-1 1-4 4-11 11-3 
PATH 2 20.0 0.0 4: 3-4 4-2 2-10 10-8 
PATH 3 16.0 0.0 5: 8-6 6-3 3-9 9-7 7-11 
PATH 4 19.0 0.0 6: 11-2 2-1 1-8 8-5 5-11 11-10 
PATH 5 29.0 2.0 6: 10-4 4-5 5-9 9-6 6-11 11-9 
PATH 6 15.0 2.0 5: 9-4 4-6 6-7 7-1 1-11 
PATH 7 29.0 0.0 5: 11-8 8-2 2-5 5-10 10-1 
PATH 8 15.0 0.0 6: 1-5 5-3 3-8 8-7 7-2 2-6 
PATH 9 21.0 0.0 5: 6-1 1-9 9-8 8-4 4-7 
PATH 10 29.0 0.0 6: 7-10 10-9 9-2 2-3 3-7 7-5 
(Note: subsequent required arcs are traversed through their shortest paths)

TOTAL_COST = 223.0

