0 | 4 | 0.4767
1 | 3 | 0.1523
2 | 4 | 0.5143
3 | 4 | 0.3160
4 | 7 | 0.5597
5 | 8 | 1.0424
6 | 11 | 0.5094
7 | 7 | 0.8596
8 | 13 | 0.4803
9 | 11 | 1.0430
10 | 12 | 0.5306
11 | 11 | 1.7026
12 | 14 | 0.6133
13 | 15 | 1.3775
14 | 15 | 0.4605
15 | 17 | 2.4423
16 | 17 | 0.4796
17 | 18 | 1.9498
18 | 19 | 0.4586
19 | 18 | 2.5543
20 | 20 | 0.4847
21 | 19 | 2.1335
22 | 17 | 0.4507
23 | 17 | 1.1572
24 | 16 | 0.4783
25 | 13 | 0.5233
26 | 11 | 0.4646
27 | 11 | 0.4999
28 | 12 | 0.4699
29 | 13 | 0.8707
30 | 11 | 0.5753
31 | 12 | 0.4182
32 | 11 | 0.4257
33 | 12 | 0.2249
34 | 12 | 0.4454
35 | 11 | 0.2260
36 | 10 | 0.4345
37 | 10 | 0.1921
38 | 11 | 0.4273
39 | 12 | 0.2587
40 | 12 | 0.4539
41 | 12 | 0.2387
42 | 10 | 0.4299
43 | 10 | 0.2711
44 | 9 | 0.4507
45 | 9 | 0.0682
46 | 8 | 0.4585
47 | 7 | 0.0442
48 | 6 | 0.3973
49 | 5 | 0.9353
50 | 4 | 0.5082
51 | 4 | 0.4105
52 | 3 | 0.1073
53 | 4 | 0.0577
54 | 3 | 0.0178
55 | 5 | 0.0055
56 | 4 | 0.0010
57 | 3 | 0.0008
58 | 1 | 0.0002
59 | 1 | 0.0002
60 | 0 | 0.0001
60 | 0 | 0.0001
0 | 4 | 0.4598
1 | 3 | 0.1743
2 | 4 | 0.4576
3 | 4 | 0.2687
4 | 7 | 0.4482
5 | 8 | 0.8116
6 | 11 | 0.4536
7 | 10 | 1.0725
8 | 12 | 0.4396
9 | 11 | 1.4840
10 | 13 | 0.4504
11 | 13 | 1.1330
12 | 14 | 0.4231
13 | 17 | 1.2669
14 | 16 | 0.4292
15 | 12 | 1.4485
16 | 15 | 0.4292
17 | 10 | 1.6998
18 | 10 | 0.4315
19 | 7 | 1.1402
20 | 10 | 0.4304
21 | 9 | 1.0801
22 | 11 | 0.4174
23 | 11 | 0.6329
24 | 10 | 0.4358
25 | 11 | 1.3962
26 | 14 | 0.4546
27 | 17 | 1.6842
28 | 16 | 0.4773
29 | 14 | 0.7700
30 | 13 | 0.4367
31 | 14 | 1.2097
32 | 16 | 0.3979
33 | 16 | 1.1915
34 | 13 | 0.4418
35 | 14 | 0.7837
36 | 12 | 0.4609
37 | 11 | 0.8631
38 | 8 | 0.4487
39 | 9 | 0.3107
40 | 8 | 0.4570
41 | 13 | 0.9045
42 | 12 | 0.4483
43 | 12 | 0.7206
44 | 11 | 0.4404
45 | 12 | 0.4760
46 | 11 | 0.4437
47 | 11 | 0.1288
48 | 11 | 0.4183
49 | 9 | 0.9323
50 | 7 | 0.5260
51 | 7 | 0.1257
52 | 6 | 0.0388
53 | 5 | 0.0229
54 | 4 | 0.0074
55 | 4 | 0.0045
56 | 3 | 0.0014
57 | 2 | 0.0006
58 | 2 | 0.0004
59 | 1 | 0.0002
60 | 0 | 0.0001
60 | 0 | 0.0001
0 | 4 | 0.4492
1 | 3 | 0.1636
2 | 4 | 0.4464
3 | 4 | 0.3491
4 | 7 | 0.4453
5 | 6 | 0.8215
6 | 5 | 0.4422
7 | 8 | 0.3031
8 | 6 | 0.4536
9 | 9 | 0.8354
10 | 11 | 0.4457
11 | 15 | 0.5798
12 | 14 | 0.4287
13 | 13 | 0.6502
14 | 14 | 0.4359
15 | 12 | 0.3628
16 | 12 | 0.4272
17 | 13 | 0.7644
18 | 14 | 0.4434
19 | 13 | 0.4903
20 | 14 | 0.4413
21 | 14 | 0.4146
22 | 14 | 0.4545
22 | 14 | 0.4510
23 | 13 | 0.4638
24 | 14 | 1.0165
25 | 15 | 0.4925
26 | 15 | 0.6235
27 | 18 | 0.4485
28 | 18 | 0.5849
29 | 14 | 0.4552
30 | 15 | 0.8649
31 | 15 | 0.4622
32 | 13 | 0.3156
33 | 13 | 0.4668
34 | 13 | 0.2547
35 | 11 | 0.4430
36 | 9 | 0.1038
37 | 8 | 0.4504
38 | 7 | 0.0564
39 | 8 | 0.4577
40 | 7 | 0.1146
41 | 4 | 0.4629
42 | 7 | 0.0653
43 | 8 | 0.4239
44 | 10 | 0.4867
45 | 9 | 0.4023
46 | 9 | 0.3387
47 | 7 | 0.4011
48 | 7 | 11.1679
49 | 5 | 0.4317
50 | 5 | 0.8708
51 | 3 | 0.0934
52 | 3 | 0.0446
53 | 3 | 0.0194
54 | 5 | 0.0067
55 | 4 | 0.0039
56 | 4 | 0.0016
57 | 2 | 0.0005
58 | 2 | 0.0004
59 | 0 | 0.0001
60 | 0 | 0.0001
60 | 0 | 0.0000
0 | 4 | 0.4413
1 | 3 | 0.1350
2 | 4 | 0.4464
3 | 4 | 0.3743
4 | 7 | 0.4477
5 | 8 | 0.6154
6 | 10 | 0.4341
7 | 7 | 0.8480
8 | 10 | 0.4348
9 | 12 | 1.4280
10 | 13 | 0.4410
11 | 13 | 0.7945
12 | 12 | 0.4376
13 | 16 | 1.2408
14 | 14 | 0.4308
15 | 14 | 0.7927
16 | 14 | 0.4227
17 | 14 | 1.0785
18 | 17 | 0.4168
19 | 15 | 0.5247
20 | 11 | 0.4249
21 | 8 | 0.2634
22 | 12 | 0.4213
23 | 12 | 0.3344
24 | 12 | 0.4507
25 | 14 | 0.3777
26 | 11 | 0.4339
27 | 12 | 0.3064
28 | 11 | 0.4291
29 | 10 | 0.3329
30 | 12 | 0.4344
31 | 11 | 0.4412
32 | 11 | 0.4047
33 | 12 | 0.4931
34 | 11 | 0.4338
35 | 10 | 0.9444
36 | 11 | 0.4737
37 | 11 | 0.8085
38 | 10 | 0.4586
39 | 12 | 0.2992
40 | 12 | 0.4724
41 | 10 | 0.1390
42 | 10 | 0.4495
43 | 10 | 0.1621
44 | 11 | 0.4360
45 | 9 | 0.1481
46 | 7 | 0.4407
47 | 7 | 0.0750
48 | 7 | 0.3847
49 | 7 | 1.1228
50 | 7 | 0.3788
51 | 6 | 0.1171
52 | 5 | 0.0456
53 | 5 | 0.0221
54 | 2 | 0.0109
55 | 4 | 0.0036
56 | 3 | 0.0009
57 | 2 | 0.0006
58 | 1 | 0.0002
59 | 1 | 0.0002
60 | 0 | 0.0001
60 | 0 | 0.0001
0 | 4 | 0.4421
1 | 3 | 0.1617
2 | 4 | 0.4581
3 | 4 | 0.3014
4 | 7 | 0.4435
5 | 11 | 1.2328
6 | 10 | 0.4371
7 | 10 | 0.9658
8 | 12 | 0.4508
9 | 12 | 1.1304
10 | 12 | 0.4410
11 | 11 | 1.4640
12 | 10 | 0.4333
13 | 9 | 1.3502
14 | 10 | 0.4318
15 | 9 | 1.2548
16 | 13 | 0.4286
17 | 16 | 0.4206
18 | 16 | 0.4232
19 | 14 | 0.4478
20 | 14 | 0.4323
21 | 14 | 0.3306
22 | 15 | 0.4433
23 | 14 | 0.4669
24 | 14 | 0.4646
25 | 14 | 0.3745
26 | 15 | 0.4691
27 | 13 | 0.4975
28 | 14 | 0.4504
29 | 15 | 0.4524
30 | 15 | 0.4653
31 | 15 | 0.5043
32 | 15 | 0.4096
33 | 14 | 5.2071
34 | 13 | 0.4450
34 | 13 | 0.2554
35 | 12 | 0.4273
36 | 11 | 0.4212
37 | 9 | 0.4513
38 | 11 | 0.3812
39 | 9 | 0.4695
40 | 8 | 0.2762
41 | 8 | 0.4569
42 | 9 | 0.2337
43 | 7 | 0.4452
44 | 10 | 0.3246
45 | 8 | 0.4280
46 | 10 | 0.1242
47 | 7 | 0.4632
48 | 8 | 20.0000
49 | 7 | 0.4548
50 | 7 | 1.0352
51 | 6 | 0.3970
52 | 6 | 0.0945
53 | 4 | 0.0467
54 | 4 | 0.0158
55 | 3 | 0.0076
56 | 2 | 0.0013
57 | 1 | 0.0014
58 | 2 | 0.0005
59 | 0 | 0.0002
60 | 0 | 0.0002
60 | 0 | 0.0000
0 | 4 | 0.4698
1 | 3 | 0.1419
2 | 4 | 0.4542
3 | 3 | 0.1705
4 | 6 | 0.4363
5 | 6 | 0.2491
6 | 8 | 0.4185
7 | 5 | 0.3207
8 | 8 | 0.4832
9 | 9 | 1.0051
10 | 12 | 0.4323
11 | 10 | 1.6619
12 | 13 | 0.4393
13 | 14 | 2.0063
14 | 14 | 0.4643
15 | 15 | 0.7459
16 | 17 | 0.4317
17 | 15 | 0.6415
18 | 12 | 0.4122
19 | 11 | 6.0719
20 | 12 | 0.4288
21 | 13 | 5.0942
22 | 18 | 0.4223
23 | 17 | 10.7305
24 | 16 | 0.4420
25 | 18 | 11.2994
26 | 16 | 0.4351
27 | 18 | 11.4871
28 | 17 | 0.4356
29 | 17 | 6.8409
30 | 18 | 0.4377
31 | 18 | 2.4338
32 | 19 | 0.3912
33 | 15 | 1.7411
34 | 16 | 0.4207
35 | 15 | 1.3237
36 | 14 | 0.4315
37 | 12 | 0.3776
38 | 13 | 0.4450
39 | 13 | 0.2571
40 | 13 | 0.4311
41 | 12 | 0.1935
42 | 12 | 0.4370
43 | 12 | 0.1581
44 | 11 | 0.4260
45 | 10 | 0.0825
46 | 8 | 0.4190
47 | 8 | 0.0561
48 | 7 | 0.3946
49 | 7 | 1.1427
50 | 5 | 0.3405
51 | 5 | 0.4412
52 | 3 | 0.0489
53 | 3 | 0.0207
54 | 3 | 0.0092
55 | 4 | 0.0045
56 | 3 | 0.0010
57 | 3 | 0.0007
58 | 2 | 0.0002
59 | 1 | 0.0002
60 | 0 | 0.0001
60 | 0 | 0.0001
0 | 4 | 0.4537
1 | 3 | 0.1782
2 | 4 | 0.4498
3 | 5 | 0.2156
4 | 6 | 0.4662
5 | 6 | 0.1865
6 | 9 | 0.4514
7 | 9 | 0.3072
8 | 11 | 0.4578
9 | 9 | 0.6366
10 | 12 | 0.4335
11 | 14 | 0.9513
12 | 14 | 0.4327
13 | 13 | 0.5802
14 | 13 | 0.4352
15 | 13 | 0.7439
16 | 16 | 0.4173
17 | 15 | 0.9273
18 | 14 | 0.4128
19 | 17 | 1.0547
20 | 18 | 0.4257
21 | 19 | 0.8509
22 | 17 | 0.4372
23 | 16 | 0.8533
24 | 18 | 0.4562
25 | 15 | 0.7665
26 | 16 | 0.4396
27 | 11 | 0.4824
28 | 14 | 0.4436
29 | 15 | 4.1979
30 | 15 | 0.4269
31 | 12 | 0.3557
32 | 14 | 0.4005
33 | 14 | 0.4025
34 | 13 | 0.4203
35 | 14 | 0.3767
36 | 13 | 0.4288
37 | 13 | 0.3116
38 | 13 | 0.4624
39 | 11 | 0.1158
40 | 10 | 0.4311
41 | 10 | 0.0813
42 | 10 | 0.4192
43 | 9 | 0.2483
44 | 7 | 0.4683
45 | 8 | 0.1809
46 | 7 | 0.4285
47 | 8 | 0.1154
48 | 8 | 0.4325
49 | 7 | 3.0408
50 | 5 | 1.4313
51 | 6 | 0.4539
52 | 5 | 0.0921
53 | 7 | 0.0239
54 | 6 | 0.0075
55 | 5 | 0.0039
56 | 4 | 0.0012
57 | 3 | 0.0007
58 | 2 | 0.0002
59 | 1 | 0.0002
60 | 0 | 0.0001
60 | 0 | 0.0001
0 | 4 | 0.4355
1 | 3 | 0.1426
2 | 4 | 0.4508
3 | 4 | 0.3166
4 | 7 | 0.4406
5 | 6 | 0.5257
6 | 8 | 0.4413
7 | 10 | 0.4590
8 | 11 | 0.4468
9 | 13 | 0.9895
10 | 12 | 0.4422
11 | 12 | 1.3144
12 | 16 | 0.4375
13 | 10 | 0.8240
14 | 11 | 0.4158
15 | 13 | 1.0611
16 | 15 | 0.4188
17 | 15 | 0.5075
18 | 16 | 0.4229
19 | 13 | 0.4539
20 | 11 | 0.4370
21 | 13 | 0.6653
22 | 16 | 0.4400
23 | 14 | 0.8861
24 | 14 | 0.4343
25 | 15 | 0.4883
26 | 15 | 0.4491
27 | 14 | 0.5773
28 | 15 | 0.4442
29 | 16 | 0.6409
30 | 15 | 0.4265
31 | 15 | 0.7314
32 | 17 | 0.4034
33 | 17 | 0.7124
34 | 17 | 0.4326
35 | 17 | 0.7765
36 | 18 | 0.4294
37 | 16 | 0.5786
38 | 15 | 0.4579
39 | 14 | 0.4084
40 | 13 | 0.4440
41 | 14 | 0.3391
42 | 13 | 0.4411
43 | 12 | 0.1913
44 | 12 | 0.4199
45 | 10 | 0.1081
46 | 10 | 0.4047
47 | 9 | 0.0781
48 | 8 | 0.3824
49 | 7 | 1.9715
50 | 6 | 0.4974
51 | 6 | 0.3700
52 | 5 | 0.0645
53 | 4 | 0.0248
54 | 3 | 0.0158
55 | 3 | 0.0053
56 | 3 | 0.0018
57 | 3 | 0.0009
58 | 2 | 0.0004
59 | 1 | 0.0002
60 | 0 | 0.0001
60 | 0 | 0.0001
0 | 4 | 0.4519
1 | 3 | 0.1385
2 | 4 | 0.4384
3 | 5 | 0.2632
4 | 5 | 0.4344
5 | 5 | 0.4809
6 | 5 | 0.4422
7 | 5 | 0.3133
8 | 8 | 0.4646
9 | 6 | 0.6294
10 | 10 | 0.4530
11 | 5 | 0.7203
12 | 9 | 0.4394
13 | 11 | 1.3188
14 | 12 | 0.4427
15 | 8 | 0.5975
16 | 15 | 0.4252
17 | 14 | 1.5424
18 | 16 | 0.4266
19 | 12 | 0.8607
20 | 13 | 0.4183
21 | 13 | 0.8421
22 | 19 | 0.4259
23 | 20 | 1.2300
24 | 19 | 0.4487
25 | 21 | 1.1840
26 | 20 | 0.4489
27 | 19 | 0.8851
28 | 19 | 0.4383
29 | 18 | 0.6821
30 | 16 | 0.4385
31 | 15 | 0.4635
32 | 15 | 0.4166
33 | 15 | 0.4895
34 | 14 | 0.4247
35 | 16 | 0.4733
36 | 16 | 0.4301
37 | 15 | 0.3385
38 | 15 | 0.4245
39 | 12 | 0.4841
40 | 11 | 0.4515
41 | 11 | 0.4014
42 | 13 | 0.4463
43 | 13 | 0.2290
44 | 10 | 0.4282
45 | 11 | 0.1664
46 | 12 | 0.4082
47 | 11 | 0.1420
48 | 10 | 0.3826
49 | 11 | 3.8368
50 | 9 | 1.0641
51 | 9 | 0.3708
52 | 8 | 0.0730
53 | 7 | 0.0284
54 | 5 | 0.0089
55 | 5 | 0.0043
56 | 3 | 0.0012
57 | 3 | 0.0009
58 | 2 | 0.0002
59 | 1 | 0.0002
60 | 0 | 0.0001
60 | 0 | 0.0001
0 | 4 | 0.4883
1 | 3 | 0.1450
2 | 4 | 0.4706
3 | 3 | 0.1825
4 | 6 | 0.4498
5 | 6 | 0.2540
6 | 8 | 0.4568
7 | 5 | 0.3427
8 | 8 | 0.4964
9 | 8 | 0.9647
10 | 12 | 0.4430
11 | 13 | 1.6580
12 | 14 | 0.4800
13 | 15 | 0.7994
14 | 13 | 0.4441
15 | 10 | 0.7970
16 | 14 | 0.4356
17 | 13 | 0.7480
18 | 18 | 0.4288
19 | 10 | 0.3684
20 | 14 | 0.4143
21 | 14 | 0.6141
22 | 18 | 0.4299
23 | 8 | 0.2439
24 | 17 | 0.4404
25 | 16 | 0.6406
26 | 21 | 0.4410
27 | 17 | 0.7846
28 | 18 | 0.4577
29 | 17 | 0.8143
30 | 19 | 0.4344
31 | 18 | 0.8921
32 | 18 | 0.4011
33 | 17 | 1.0234
34 | 16 | 0.4268
35 | 15 | 0.6120
36 | 17 | 0.4375
37 | 16 | 0.4997
38 | 14 | 0.4306
39 | 14 | 0.4574
40 | 12 | 0.4260
41 | 13 | 0.4330
42 | 11 | 0.4146
43 | 10 | 0.2517
44 | 10 | 0.4249
45 | 11 | 0.2524
46 | 10 | 0.4143
47 | 10 | 0.1055
48 | 10 | 0.3684
49 | 9 | 2.5506
50 | 8 | 0.4855
51 | 8 | 0.4924
52 | 7 | 0.0719
53 | 7 | 0.0370
54 | 6 | 0.0116
55 | 5 | 0.0053
56 | 4 | 0.0012
57 | 3 | 0.0008
58 | 2 | 0.0002
59 | 1 | 0.0002
60 | 0 | 0.0001
60 | 0 | 0.0001
0 | 4 | 0.4495
1 | 3 | 0.1681
2 | 4 | 0.4531
3 | 4 | 0.2648
4 | 7 | 0.4403
5 | 8 | 0.7924
6 | 11 | 0.4255
7 | 10 | 1.0290
8 | 12 | 0.4414
9 | 12 | 1.0246
10 | 11 | 0.4498
11 | 10 | 1.9119
12 | 13 | 0.4295
13 | 13 | 2.0957
14 | 13 | 0.4136
15 | 11 | 1.6122
16 | 13 | 0.4359
17 | 15 | 0.8626
18 | 15 | 0.4086
19 | 17 | 1.2022
20 | 19 | 0.4167
21 | 20 | 1.0925
22 | 17 | 0.4199
23 | 15 | 1.0621
24 | 15 | 0.4417
25 | 15 | 3.2373
26 | 15 | 0.4537
27 | 15 | 1.1632
28 | 14 | 0.4410
29 | 11 | 0.6955
30 | 12 | 0.4526
31 | 10 | 0.3315
32 | 12 | 0.4052
33 | 12 | 4.6489
34 | 10 | 0.4300
35 | 11 | 3.9820
36 | 11 | 0.4467
37 | 11 | 3.0443
38 | 10 | 0.4403
39 | 9 | 0.2537
40 | 8 | 0.4543
41 | 10 | 0.2032
42 | 8 | 0.4215
43 | 9 | 0.0965
44 | 8 | 0.4302
45 | 8 | 0.1918
46 | 7 | 0.4436
47 | 8 | 0.1312
48 | 5 | 0.4134
49 | 9 | 3.8445
50 | 8 | 2.3275
51 | 7 | 0.4261
52 | 6 | 0.1333
53 | 5 | 0.0338
54 | 5 | 0.0084
55 | 4 | 0.0034
56 | 2 | 0.0014
57 | 2 | 0.0005
58 | 1 | 0.0002
59 | 1 | 0.0002
60 | 0 | 0.0001
60 | 0 | 0.0001
0 | 4 | 0.4411
1 | 3 | 0.1416
2 | 4 | 0.4580
3 | 5 | 0.3696
4 | 5 | 0.4387
5 | 5 | 0.4525
6 | 8 | 0.4397
7 | 5 | 0.6072
8 | 8 | 0.4492
9 | 7 | 0.8581
10 | 8 | 0.4360
11 | 9 | 1.0374
12 | 11 | 0.4099
13 | 12 | 0.7346
14 | 13 | 0.4375
15 | 13 | 0.4845
16 | 11 | 0.4270
17 | 10 | 0.9341
18 | 10 | 0.4218
19 | 9 | 0.5000
20 | 9 | 0.4286
21 | 11 | 0.3401
22 | 11 | 0.4459
23 | 11 | 0.6281
24 | 15 | 0.4577
25 | 16 | 0.6800
26 | 16 | 0.4500
27 | 15 | 0.6717
28 | 20 | 0.4520
29 | 20 | 0.9609
30 | 19 | 0.4303
31 | 18 | 0.7183
32 | 17 | 0.3930
33 | 14 | 0.5154
34 | 13 | 0.4410
35 | 13 | 0.3466
36 | 14 | 0.4439
37 | 14 | 0.3776
38 | 15 | 0.4421
39 | 13 | 0.4881
40 | 8 | 0.4594
41 | 9 | 0.1785
42 | 8 | 0.4807
43 | 7 | 0.1722
44 | 7 | 0.4562
45 | 7 | 0.1493
46 | 5 | 0.4727
47 | 7 | 0.1220
48 | 6 | 0.4501
49 | 5 | 1.1586
50 | 4 | 0.7356
51 | 3 | 0.0412
52 | 2 | 0.0840
53 | 2 | 0.0172
54 | 1 | 0.0171
55 | 1 | 0.0024
56 | 0 | 0.0041
57 | 1 | 0.0006
58 | 0 | 0.0007
59 | 0 | 0.0002
59 | 0 | 0.0002
60 | 0 | 0.0002
60 | 0 | 0.0001
0 | 4 | 0.4552
1 | 3 | 0.1330
2 | 4 | 0.4482
3 | 5 | 0.0846
4 | 6 | 0.4534
5 | 6 | 0.1762
6 | 5 | 0.4441
7 | 5 | 0.1078
8 | 3 | 0.4381
9 | 5 | 0.2269
10 | 9 | 0.4575
11 | 7 | 0.3288
12 | 11 | 0.4255
13 | 10 | 0.4528
14 | 10 | 0.4465
15 | 9 | 0.5571
16 | 11 | 0.4241
17 | 10 | 0.7277
18 | 11 | 0.4350
19 | 9 | 0.8635
20 | 14 | 0.4271
21 | 15 | 0.4783
22 | 16 | 0.4256
23 | 14 | 0.5402
24 | 14 | 0.4531
25 | 12 | 0.4453
26 | 10 | 0.4304
27 | 14 | 0.4398
28 | 13 | 0.4377
29 | 15 | 0.9582
30 | 16 | 0.4640
31 | 13 | 0.4813
32 | 15 | 0.4017
33 | 16 | 0.5651
34 | 15 | 0.4260
35 | 15 | 0.4067
36 | 14 | 0.4240
37 | 14 | 0.2700
38 | 12 | 0.4224
39 | 12 | 0.2113
40 | 13 | 0.4337
41 | 13 | 0.3428
42 | 12 | 0.4545
43 | 12 | 0.3172
44 | 10 | 0.4487
45 | 11 | 0.1896
46 | 10 | 0.4211
47 | 10 | 0.2032
48 | 8 | 0.4188
49 | 8 | 3.1853
50 | 7 | 0.6298
51 | 6 | 0.1531
52 | 5 | 0.0939
53 | 5 | 0.0164
54 | 4 | 0.0086
55 | 3 | 0.0027
56 | 2 | 0.0022
57 | 2 | 0.0005
58 | 0 | 0.0005
59 | 0 | 0.0002
59 | 0 | 0.0001
60 | 0 | 0.0001
60 | 0 | 0.0000
0 | 4 | 0.4297
1 | 3 | 0.1671
2 | 4 | 0.4622
3 | 3 | 0.1928
4 | 6 | 0.4747
5 | 7 | 0.4243
6 | 4 | 0.4524
7 | 6 | 0.3712
8 | 6 | 0.4574
9 | 9 | 0.6292
10 | 13 | 0.4454
11 | 11 | 0.6353
12 | 15 | 0.4356
13 | 11 | 0.4606
14 | 17 | 0.4488
15 | 18 | 1.1444
16 | 16 | 0.4295
17 | 16 | 0.6903
18 | 17 | 0.4257
19 | 15 | 0.4945
20 | 15 | 0.4338
21 | 13 | 0.3095
22 | 16 | 0.4307
23 | 11 | 0.2733
24 | 11 | 0.4308
25 | 11 | 0.2193
26 | 13 | 0.4304
27 | 11 | 0.3636
28 | 13 | 0.4394
29 | 14 | 0.4943
30 | 14 | 0.4632
31 | 14 | 0.3559
32 | 15 | 0.4104
33 | 13 | 0.6921
34 | 14 | 0.4401
35 | 12 | 1.0092
36 | 14 | 0.4628
37 | 15 | 0.9926
38 | 14 | 0.4616
39 | 12 | 0.5085
40 | 10 | 0.4652
41 | 12 | 0.2822
42 | 10 | 0.4354
43 | 11 | 0.1636
44 | 10 | 0.4443
45 | 9 | 0.1178
46 | 8 | 0.4156
47 | 8 | 0.0485
48 | 7 | 0.3846
49 | 6 | 0.4829
50 | 5 | 0.4155
51 | 5 | 0.1722
52 | 4 | 0.0721
53 | 5 | 0.0250
54 | 4 | 0.0137
55 | 5 | 0.0043
56 | 4 | 0.0013
57 | 3 | 0.0008
58 | 2 | 0.0002
59 | 1 | 0.0002
60 | 0 | 0.0001
60 | 0 | 0.0001
0 | 4 | 0.4338
1 | 3 | 0.1721
2 | 4 | 0.4406
3 | 4 | 0.2653
4 | 7 | 0.4483
5 | 11 | 0.8636
6 | 10 | 0.4344
7 | 9 | 1.0975
8 | 10 | 0.4638
9 | 10 | 0.3920
10 | 9 | 0.4286
11 | 10 | 0.5976
12 | 10 | 0.4285
13 | 13 | 0.7197
14 | 15 | 0.4433
15 | 18 | 0.8828
16 | 16 | 0.4441
17 | 16 | 1.4311
18 | 14 | 0.4157
19 | 14 | 0.5509
20 | 12 | 0.4334
21 | 13 | 1.2621
22 | 13 | 0.4369
23 | 15 | 0.8981
24 | 16 | 0.4538
25 | 16 | 0.9324
26 | 18 | 0.4467
27 | 16 | 0.6424
28 | 20 | 0.4445
29 | 20 | 0.8813
30 | 17 | 0.4529
31 | 15 | 0.5554
32 | 12 | 0.4046
33 | 13 | 1.1344
34 | 13 | 0.4371
35 | 13 | 1.0978
36 | 13 | 0.4515
37 | 16 | 0.8037
38 | 15 | 0.4395
39 | 15 | 0.7606
40 | 14 | 0.4578
41 | 13 | 0.9876
42 | 13 | 0.4448
43 | 12 | 3.4545
44 | 12 | 0.4448
45 | 11 | 0.2400
46 | 10 | 0.4426
47 | 8 | 0.1528
48 | 6 | 0.4341
49 | 5 | 3.1365
50 | 4 | 0.8164
51 | 4 | 0.6159
52 | 3 | 0.0948
53 | 4 | 0.0390
54 | 3 | 0.0109
55 | 4 | 0.0034
56 | 3 | 0.0011
57 | 2 | 0.0007
58 | 1 | 0.0004
59 | 1 | 0.0002
60 | 0 | 0.0001
60 | 0 | 0.0001
0 | 4 | 0.4432
1 | 3 | 0.1410
2 | 4 | 0.4470
3 | 4 | 0.3146
4 | 7 | 0.4343
5 | 6 | 0.3164
6 | 9 | 0.4510
7 | 9 | 0.3199
8 | 10 | 0.4668
9 | 10 | 0.6501
10 | 9 | 0.4690
11 | 9 | 0.8547
12 | 11 | 0.4370
13 | 11 | 0.6280
14 | 10 | 0.4752
15 | 11 | 0.9626
16 | 15 | 0.4172
17 | 15 | 0.7924
18 | 14 | 0.4320
19 | 13 | 0.6656
20 | 12 | 0.4164
21 | 12 | 0.3605
22 | 13 | 0.4336
23 | 12 | 0.3280
24 | 14 | 0.4460
25 | 13 | 0.2523
26 | 13 | 0.4533
27 | 11 | 0.2574
28 | 11 | 0.4484
29 | 7 | 0.0965
30 | 9 | 0.4359
31 | 8 | 0.3053
32 | 9 | 0.4195
33 | 8 | 0.3999
34 | 10 | 0.4512
35 | 10 | 0.1591
36 | 11 | 0.4240
37 | 10 | 0.1702
38 | 9 | 0.4465
39 | 10 | 0.1548
40 | 10 | 0.4140
41 | 8 | 0.1126
42 | 8 | 0.4289
43 | 4 | 0.2177
44 | 7 | 0.4161
45 | 9 | 0.4907
46 | 8 | 0.3978
47 | 7 | 0.0353
48 | 6 | 0.3847
49 | 6 | 0.6797
50 | 6 | 0.2843
51 | 6 | 0.1263
52 | 5 | 0.0421
53 | 4 | 0.0202
54 | 2 | 0.0071
55 | 3 | 0.0029
56 | 2 | 0.0016
57 | 2 | 0.0005
58 | 1 | 0.0002
59 | 1 | 0.0002
60 | 0 | 0.0001
60 | 0 | 0.0001
0 | 4 | 0.4540
1 | 3 | 0.1753
2 | 4 | 0.4660
3 | 4 | 0.3209
4 | 7 | 0.4847
5 | 6 | 0.3059
6 | 9 | 0.4820
7 | 9 | 0.3803
8 | 8 | 0.4836
9 | 7 | 0.4909
10 | 6 | 0.4577
11 | 8 | 0.7284
12 | 9 | 0.4371
13 | 10 | 1.2537
14 | 11 | 0.4208
15 | 14 | 0.6619
16 | 15 | 0.4234
17 | 15 | 0.7138
18 | 17 | 0.4258
19 | 16 | 0.6570
20 | 15 | 0.4395
21 | 9 | 0.5190
22 | 9 | 0.4309
23 | 10 | 0.3682
24 | 12 | 0.4414
25 | 11 | 1.0931
26 | 13 | 0.4685
27 | 14 | 1.0988
28 | 13 | 0.4567
29 | 14 | 0.8128
30 | 13 | 0.4661
31 | 14 | 1.1140
32 | 12 | 0.4199
33 | 14 | 0.3564
34 | 12 | 0.4406
35 | 9 | 0.9163
36 | 10 | 0.4440
37 | 10 | 1.0615
38 | 11 | 0.4634
39 | 12 | 0.9326
40 | 12 | 0.4642
41 | 14 | 0.3186
42 | 13 | 0.4477
43 | 13 | 0.3120
44 | 11 | 0.4455
45 | 11 | 0.4693
46 | 10 | 0.4420
47 | 9 | 0.3603
48 | 9 | 0.3836
49 | 8 | 3.3989
50 | 7 | 0.5889
51 | 6 | 0.3436
52 | 6 | 0.0741
53 | 6 | 0.0329
54 | 5 | 0.0072
55 | 4 | 0.0040
56 | 2 | 0.0019
57 | 2 | 0.0006
58 | 1 | 0.0002
59 | 1 | 0.0002
60 | 0 | 0.0001
60 | 0 | 0.0001
0 | 4 | 0.4382
1 | 3 | 0.1411
2 | 4 | 0.4545
3 | 4 | 0.3772
4 | 7 | 0.4301
5 | 6 | 0.4575
6 | 9 | 0.4320
7 | 6 | 0.7987
8 | 9 | 0.4455
9 | 10 | 1.4638
10 | 13 | 0.4410
11 | 12 | 1.3753
12 | 14 | 0.4200
13 | 14 | 1.7052
14 | 17 | 0.4206
15 | 18 | 1.1218
16 | 16 | 0.4433
17 | 17 | 1.2192
18 | 18 | 0.4402
19 | 13 | 1.0258
20 | 17 | 0.4135
21 | 14 | 1.4304
22 | 16 | 0.4263
23 | 19 | 0.9310
24 | 17 | 0.4253
25 | 16 | 0.8463
26 | 18 | 0.4389
27 | 17 | 0.9722
28 | 16 | 0.4260
29 | 16 | 0.7571
30 | 17 | 0.4443
31 | 18 | 0.7020
32 | 19 | 0.4129
33 | 18 | 0.8402
34 | 17 | 0.4324
35 | 16 | 0.5907
36 | 17 | 0.4490
37 | 17 | 0.8678
38 | 18 | 0.4448
39 | 18 | 0.6538
40 | 17 | 0.4424
41 | 17 | 0.4841
42 | 17 | 0.4617
42 | 17 | 0.4516
43 | 14 | 0.4623
44 | 15 | 0.5234
45 | 14 | 0.4170
46 | 12 | 0.3072
47 | 11 | 0.3857
48 | 9 | 16.2841
49 | 7 | 0.4147
50 | 7 | 2.5158
51 | 5 | 0.2382
52 | 4 | 0.1210
53 | 3 | 0.0340
54 | 3 | 0.0153
55 | 2 | 0.0054
56 | 3 | 0.0017
57 | 2 | 0.0013
58 | 2 | 0.0004
59 | 1 | 0.0001
60 | 0 | 0.0001
60 | 0 | 0.0000
0 | 4 | 0.4582
1 | 3 | 0.1632
2 | 4 | 0.4590
3 | 4 | 0.3460
4 | 7 | 0.4340
5 | 6 | 0.4158
6 | 9 | 0.4328
7 | 7 | 0.5428
8 | 12 | 0.4564
9 | 12 | 1.0883
10 | 14 | 0.4448
11 | 14 | 2.0499
12 | 15 | 0.4215
13 | 13 | 0.5501
14 | 17 | 0.4329
15 | 18 | 0.7182
16 | 18 | 0.4200
17 | 16 | 0.4574
18 | 15 | 0.4275
19 | 15 | 0.4053
20 | 17 | 0.4318
21 | 18 | 0.6361
22 | 18 | 0.4201
23 | 20 | 0.8355
24 | 17 | 0.4183
25 | 18 | 0.6059
26 | 16 | 0.4372
27 | 17 | 0.6371
28 | 16 | 0.4336
29 | 17 | 0.6577
30 | 16 | 0.4313
31 | 16 | 0.6040
32 | 13 | 0.3935
33 | 13 | 0.3507
34 | 11 | 0.4386
35 | 13 | 0.3962
36 | 13 | 0.4444
37 | 12 | 0.2197
38 | 13 | 0.4536
39 | 11 | 0.2093
40 | 10 | 0.4270
41 | 9 | 0.1684
42 | 9 | 0.4383
43 | 8 | 0.1963
44 | 6 | 0.4321
45 | 7 | 0.0952
46 | 8 | 0.4272
47 | 9 | 0.1859
48 | 7 | 0.4349
49 | 7 | 11.4130
50 | 6 | 0.9343
51 | 9 | 0.2649
52 | 7 | 0.0716
53 | 7 | 0.0281
54 | 6 | 0.0072
55 | 5 | 0.0040
56 | 4 | 0.0014
57 | 3 | 0.0008
58 | 2 | 0.0002
59 | 1 | 0.0002
60 | 0 | 0.0001
60 | 0 | 0.0001
0 | 4 | 0.4502
1 | 3 | 0.1425
2 | 4 | 0.4514
3 | 4 | 0.2986
4 | 7 | 0.4300
5 | 7 | 0.7544
6 | 9 | 0.4241
7 | 10 | 0.8095
8 | 12 | 0.4505
9 | 10 | 0.9391
10 | 7 | 0.4363
11 | 8 | 1.3661
12 | 10 | 0.4446
13 | 13 | 1.3810
14 | 16 | 0.4158
15 | 12 | 1.5387
16 | 17 | 0.4376
17 | 16 | 1.3603
18 | 16 | 0.4236
19 | 17 | 1.1195
20 | 15 | 0.4165
21 | 13 | 1.0813
22 | 18 | 0.4212
23 | 16 | 0.8170
24 | 20 | 0.4461
25 | 14 | 0.7906
26 | 14 | 0.4297
27 | 16 | 0.9149
28 | 16 | 0.4363
29 | 17 | 1.1738
30 | 17 | 0.4293
31 | 18 | 0.8861
32 | 18 | 0.3932
33 | 17 | 0.7382
34 | 18 | 0.4254
35 | 18 | 0.9828
36 | 19 | 0.4241
37 | 17 | 1.0468
38 | 15 | 0.4439
39 | 15 | 0.7780
40 | 14 | 0.4407
41 | 14 | 0.7971
42 | 13 | 0.4354
43 | 12 | 0.4963
44 | 12 | 0.4340
45 | 11 | 0.1935
46 | 10 | 0.4096
47 | 8 | 0.1609
48 | 8 | 0.3782
49 | 8 | 2.5742
50 | 5 | 0.9582
51 | 5 | 0.9868
52 | 4 | 0.0914
53 | 5 | 0.0871
54 | 3 | 0.0100
55 | 3 | 0.0063
56 | 2 | 0.0023
57 | 2 | 0.0006
58 | 0 | 0.0004
59 | 1 | 0.0002
60 | 0 | 0.0001
60 | 0 | 0.0001
0 | 4 | 0.4463
1 | 3 | 0.1802
2 | 4 | 0.4547
3 | 4 | 0.2789
4 | 7 | 0.4484
5 | 8 | 0.8143
6 | 11 | 0.4299
7 | 10 | 1.0296
8 | 12 | 0.4444
9 | 14 | 2.3102
10 | 14 | 0.4511
11 | 13 | 2.5741
12 | 17 | 0.4301
13 | 13 | 2.4403
14 | 13 | 0.4352
15 | 16 | 2.6161
16 | 13 | 0.4353
17 | 15 | 0.5040
18 | 15 | 0.4361
19 | 15 | 0.7528
20 | 11 | 0.4357
21 | 12 | 0.4196
22 | 13 | 0.4283
23 | 15 | 1.7940
24 | 14 | 0.4718
25 | 14 | 0.6756
26 | 14 | 0.4550
27 | 14 | 0.7125
28 | 14 | 0.4508
29 | 11 | 0.6947
30 | 11 | 0.4539
31 | 11 | 0.4332
32 | 13 | 0.3918
33 | 11 | 0.7185
34 | 10 | 0.4425
35 | 10 | 0.7000
36 | 10 | 0.4540
37 | 10 | 0.0940
38 | 9 | 0.4271
39 | 10 | 0.1093
40 | 9 | 0.4420
41 | 10 | 0.1274
42 | 10 | 0.4104
43 | 8 | 0.2443
44 | 6 | 0.4444
45 | 7 | 0.1853
46 | 6 | 0.3956
47 | 7 | 0.1656
48 | 5 | 0.4273
49 | 6 | 5.6173
50 | 5 | 0.6234
51 | 6 | 0.3035
52 | 6 | 0.0536
53 | 5 | 0.0396
54 | 5 | 0.0080
55 | 4 | 0.0043
56 | 3 | 0.0011
57 | 3 | 0.0007
58 | 2 | 0.0002
59 | 1 | 0.0002
60 | 0 | 0.0001
60 | 0 | 0.0001
0 | 4 | 0.4398
1 | 3 | 0.1688
2 | 4 | 0.4476
3 | 3 | 0.1222
4 | 6 | 0.4303
5 | 6 | 0.2993
6 | 8 | 0.4315
7 | 10 | 0.5569
8 | 10 | 0.4349
9 | 9 | 0.9840
10 | 13 | 0.4457
11 | 15 | 1.9477
12 | 15 | 0.4181
13 | 15 | 1.0553
14 | 18 | 0.4202
15 | 14 | 0.6984
16 | 12 | 0.4181
17 | 15 | 0.5300
18 | 19 | 0.4222
19 | 17 | 0.4808
20 | 16 | 0.4196
21 | 17 | 0.7014
22 | 18 | 0.4231
23 | 17 | 0.7055
24 | 14 | 0.4583
25 | 15 | 0.6028
26 | 14 | 0.4344
27 | 14 | 0.6402
28 | 14 | 0.4520
29 | 16 | 0.4836
30 | 15 | 0.4512
31 | 15 | 0.3752
32 | 14 | 0.4115
33 | 13 | 0.3225
34 | 12 | 0.4279
35 | 13 | 0.2706
36 | 12 | 0.4418
37 | 11 | 0.2265
38 | 9 | 0.4402
39 | 8 | 0.1348
40 | 9 | 0.4564
41 | 10 | 0.1042
42 | 10 | 0.4255
43 | 9 | 0.1238
44 | 7 | 0.4254
45 | 7 | 0.0769
46 | 6 | 0.4234
47 | 8 | 0.0694
48 | 7 | 0.3944
49 | 7 | 1.1859
50 | 6 | 0.3938
51 | 5 | 0.1584
52 | 4 | 0.0656
53 | 4 | 0.0311
54 | 3 | 0.0175
55 | 3 | 0.0022
56 | 2 | 0.0026
57 | 3 | 0.0013
58 | 2 | 0.0006
59 | 1 | 0.0002
60 | 0 | 0.0001
60 | 0 | 0.0001
0 | 4 | 0.4430
1 | 3 | 0.1372
2 | 4 | 0.4543
3 | 4 | 0.4438
4 | 7 | 0.4435
5 | 11 | 1.2424
6 | 10 | 0.4321
7 | 11 | 1.1098
8 | 11 | 0.4420
9 | 12 | 0.9268
10 | 14 | 0.4379
11 | 15 | 2.6911
12 | 12 | 0.4271
13 | 14 | 1.5435
14 | 14 | 0.4150
15 | 15 | 0.8543
16 | 13 | 0.4350
17 | 12 | 0.8918
18 | 13 | 0.4313
19 | 14 | 0.4969
20 | 15 | 0.4169
21 | 16 | 1.2986
22 | 18 | 0.4320
23 | 18 | 0.9514
24 | 18 | 0.4492
25 | 18 | 1.0495
26 | 17 | 0.4441
27 | 17 | 0.4977
28 | 14 | 0.4505
29 | 8 | 0.4590
30 | 10 | 0.4418
31 | 12 | 0.8434
32 | 13 | 0.4047
33 | 14 | 0.8766
34 | 13 | 0.4408
35 | 14 | 0.5120
36 | 13 | 0.4777
37 | 14 | 0.4123
38 | 11 | 0.4512
39 | 11 | 0.2566
40 | 12 | 0.4444
41 | 11 | 0.3756
42 | 9 | 0.4524
43 | 11 | 0.5015
44 | 10 | 0.4368
45 | 12 | 0.2321
46 | 12 | 0.4251
47 | 11 | 0.1152
48 | 8 | 0.3939
49 | 9 | 1.2506
50 | 8 | 0.5830
51 | 8 | 0.1362
52 | 7 | 0.0829
53 | 6 | 0.0191
54 | 5 | 0.0085
55 | 5 | 0.0049
56 | 4 | 0.0012
57 | 3 | 0.0008
58 | 2 | 0.0002
59 | 1 | 0.0002
60 | 0 | 0.0001
60 | 0 | 0.0001
0 | 4 | 0.4423
1 | 3 | 0.1366
2 | 4 | 0.4592
3 | 4 | 0.3733
4 | 7 | 0.4441
5 | 6 | 0.5420
6 | 9 | 0.4355
7 | 7 | 0.8422
8 | 12 | 0.4442
9 | 12 | 2.1875
10 | 13 | 0.4397
11 | 10 | 1.1844
12 | 11 | 0.4373
13 | 7 | 1.0714
14 | 16 | 0.4214
15 | 17 | 0.8877
16 | 17 | 0.4331
17 | 14 | 0.8680
18 | 16 | 0.4316
19 | 17 | 1.1281
20 | 19 | 0.4381
21 | 19 | 0.7598
22 | 20 | 0.4306
23 | 17 | 0.8272
24 | 19 | 0.4512
25 | 16 | 0.6630
26 | 16 | 0.4553
27 | 16 | 0.6259
28 | 15 | 0.4345
29 | 14 | 0.8375
30 | 16 | 0.4541
31 | 14 | 0.8142
32 | 15 | 0.3971
33 | 12 | 0.5642
34 | 13 | 0.4519
35 | 12 | 0.3479
36 | 13 | 0.4498
37 | 14 | 0.3846
38 | 16 | 0.4245
39 | 16 | 0.5216
40 | 16 | 0.4344
41 | 16 | 0.5484
42 | 16 | 0.4255
43 | 14 | 0.2608
44 | 11 | 0.3934
45 | 12 | 0.2304
46 | 13 | 0.4308
47 | 12 | 0.1305
48 | 10 | 0.3914
49 | 11 | 3.6442
50 | 10 | 0.7161
51 | 8 | 0.3242
52 | 7 | 0.0910
53 | 7 | 0.0631
54 | 5 | 0.0120
55 | 5 | 0.0063
56 | 4 | 0.0018
57 | 3 | 0.0008
58 | 2 | 0.0002
59 | 1 | 0.0002
60 | 0 | 0.0001
60 | 0 | 0.0001
0 | 4 | 0.4545
1 | 3 | 0.1399
2 | 4 | 0.4610
3 | 5 | 0.0799
4 | 6 | 0.4346
5 | 7 | 0.1978
6 | 7 | 0.4371
7 | 5 | 0.3158
8 | 10 | 0.4503
9 | 14 | 1.4348
10 | 14 | 0.4417
11 | 14 | 1.4032
12 | 13 | 0.4321
13 | 16 | 0.8285
14 | 19 | 0.4477
15 | 18 | 0.6821
16 | 14 | 0.4253
17 | 12 | 0.4075
18 | 16 | 0.4334
19 | 16 | 0.9624
20 | 17 | 0.4202
21 | 17 | 0.8163
22 | 17 | 0.4314
23 | 16 | 0.5653
24 | 15 | 0.4363
25 | 15 | 0.3672
26 | 15 | 0.4439
27 | 14 | 0.3326
28 | 16 | 0.4462
29 | 13 | 0.3791
30 | 14 | 0.4444
31 | 11 | 0.2508
32 | 11 | 0.4171
33 | 12 | 0.3484
34 | 13 | 0.4320
35 | 14 | 0.3596
36 | 15 | 0.4375
37 | 14 | 0.4151
38 | 14 | 0.4362
39 | 13 | 0.4988
40 | 10 | 0.4380
41 | 12 | 0.3853
42 | 8 | 0.4284
43 | 8 | 0.2821
44 | 7 | 0.4290
45 | 10 | 0.9736
46 | 9 | 0.4230
47 | 11 | 0.8999
48 | 9 | 0.4120
49 | 11 | 8.5139
50 | 10 | 1.2760
51 | 9 | 0.4798
52 | 8 | 0.1376
53 | 7 | 0.0629
54 | 4 | 0.0207
55 | 5 | 0.0076
56 | 3 | 0.0024
57 | 3 | 0.0008
58 | 1 | 0.0002
59 | 1 | 0.0002
60 | 0 | 0.0001
60 | 0 | 0.0001
0 | 4 | 0.4371
1 | 3 | 0.1398
2 | 4 | 0.4327
3 | 3 | 0.2884
4 | 6 | 0.4463
5 | 8 | 0.8730
6 | 8 | 0.4311
7 | 10 | 1.2194
8 | 11 | 0.4534
9 | 12 | 1.1483
10 | 12 | 0.4368
11 | 12 | 1.3533
12 | 11 | 0.4356
13 | 9 | 0.9972
14 | 11 | 0.4223
15 | 12 | 0.3938
16 | 12 | 0.4164
17 | 13 | 0.9344
18 | 12 | 0.4193
19 | 12 | 0.8609
20 | 13 | 0.4224
21 | 14 | 0.7165
22 | 14 | 0.4474
23 | 16 | 1.1849
24 | 15 | 0.4344
25 | 15 | 0.6826
26 | 17 | 0.4262
27 | 15 | 0.5085
28 | 16 | 0.4383
29 | 14 | 0.4641
30 | 15 | 0.4408
31 | 17 | 0.6627
32 | 16 | 0.4099
33 | 13 | 0.8730
34 | 13 | 0.4465
35 | 11 | 0.6609
36 | 14 | 0.4339
37 | 13 | 0.2711
38 | 13 | 0.4252
39 | 12 | 0.3362
40 | 11 | 0.4267
41 | 11 | 0.2419
42 | 12 | 0.4273
43 | 13 | 0.3547
44 | 14 | 0.4109
45 | 14 | 0.2397
46 | 12 | 0.4073
47 | 11 | 0.1642
48 | 10 | 0.3698
49 | 10 | 1.9320
50 | 7 | 0.5949
51 | 6 | 0.2220
52 | 4 | 0.0931
53 | 5 | 0.0307
54 | 3 | 0.0105
55 | 3 | 0.0056
56 | 2 | 0.0023
57 | 3 | 0.0008
58 | 1 | 0.0003
59 | 1 | 0.0002
60 | 0 | 0.0001
60 | 0 | 0.0001
0 | 4 | 0.4427
1 | 3 | 0.1706
2 | 4 | 0.4510
3 | 3 | 0.1228
4 | 6 | 0.4322
5 | 7 | 0.2557
6 | 4 | 0.4413
7 | 7 | 0.2212
8 | 11 | 0.4555
9 | 8 | 0.4661
10 | 12 | 0.4492
11 | 9 | 0.3463
12 | 12 | 0.4336
13 | 11 | 0.5825
14 | 11 | 0.4308
15 | 10 | 0.5274
16 | 12 | 0.4383
17 | 12 | 0.5281
18 | 13 | 0.4342
19 | 11 | 0.3367
20 | 12 | 0.4144
21 | 10 | 0.5608
22 | 20 | 0.4336
23 | 21 | 1.1665
24 | 21 | 0.4315
25 | 16 | 0.6645
26 | 15 | 0.4233
27 | 15 | 1.0394
28 | 17 | 0.4856
29 | 17 | 0.7259
30 | 16 | 0.4193
31 | 16 | 0.5619
32 | 16 | 0.3967
33 | 16 | 0.6743
34 | 13 | 0.4323
35 | 13 | 0.3856
36 | 12 | 0.4214
37 | 11 | 0.2074
38 | 12 | 0.4318
39 | 10 | 0.1368
40 | 9 | 0.4360
41 | 8 | 0.1433
42 | 9 | 0.4390
43 | 9 | 0.1074
44 | 10 | 0.4192
45 | 9 | 0.0926
46 | 8 | 0.4405
47 | 8 | 0.0945
48 | 8 | 0.4032
49 | 7 | 1.2706
50 | 6 | 0.4591
51 | 6 | 0.2068
52 | 6 | 0.0754
53 | 7 | 0.0374
54 | 6 | 0.0087
55 | 5 | 0.0041
56 | 3 | 0.0011
57 | 3 | 0.0008
58 | 2 | 0.0002
59 | 1 | 0.0002
60 | 0 | 0.0001
60 | 0 | 0.0001
0 | 4 | 0.4410
1 | 3 | 0.1384
2 | 4 | 0.4547
3 | 4 | 0.3077
4 | 7 | 0.4351
5 | 6 | 0.9504
6 | 9 | 0.4324
7 | 8 | 0.9124
8 | 7 | 0.4454
9 | 6 | 0.9586
10 | 8 | 0.4449
11 | 9 | 1.8336
12 | 12 | 0.4308
13 | 12 | 2.1420
14 | 18 | 0.4295
15 | 19 | 1.1752
16 | 15 | 0.4282
17 | 15 | 1.2998
18 | 14 | 0.4247
19 | 17 | 1.7050
20 | 16 | 0.4062
21 | 16 | 0.8388
22 | 18 | 0.4300
23 | 15 | 1.2537
24 | 15 | 0.4252
25 | 15 | 1.2858
26 | 16 | 0.4363
27 | 19 | 0.8225
28 | 16 | 0.4355
29 | 16 | 0.6942
30 | 15 | 0.4205
31 | 16 | 0.4890
32 | 16 | 0.3906
33 | 16 | 0.5189
34 | 18 | 0.4243
35 | 16 | 0.4505
36 | 16 | 0.4750
36 | 16 | 0.5040
37 | 16 | 0.4444
38 | 16 | 0.4934
39 | 15 | 0.4411
40 | 18 | 0.5392
41 | 16 | 0.4402
42 | 16 | 0.4162
43 | 15 | 0.3991
44 | 14 | 0.2614
45 | 14 | 0.4032
46 | 13 | 0.2437
47 | 13 | 0.3973
48 | 11 | 6.6144
49 | 11 | 0.3991
50 | 10 | 1.3323
51 | 9 | 0.2114
52 | 8 | 0.0839
53 | 7 | 0.0255
54 | 6 | 0.0162
55 | 5 | 0.0036
56 | 4 | 0.0016
57 | 2 | 0.0005
58 | 2 | 0.0004
59 | 0 | 0.0001
60 | 0 | 0.0001
60 | 0 | 0.0000
0 | 4 | 0.4346
1 | 3 | 0.1781
2 | 4 | 0.4527
3 | 5 | 0.3641
4 | 5 | 0.4426
5 | 5 | 0.7767
6 | 5 | 0.4506
7 | 6 | 1.0188
8 | 10 | 0.4936
9 | 13 | 1.9515
10 | 13 | 0.4485
11 | 12 | 0.9899
12 | 13 | 0.4222
13 | 16 | 1.1576
14 | 15 | 0.4307
15 | 14 | 1.4906
16 | 13 | 0.4493
17 | 15 | 1.5485
18 | 16 | 0.4208
19 | 15 | 0.7285
20 | 13 | 0.4296
21 | 13 | 1.1746
22 | 13 | 0.4241
23 | 13 | 0.6537
24 | 15 | 0.4520
25 | 15 | 0.4517
26 | 14 | 0.4293
27 | 14 | 0.3603
28 | 14 | 0.4430
29 | 14 | 0.4716
30 | 13 | 0.4309
31 | 12 | 0.4924
32 | 11 | 0.4149
33 | 12 | 0.5600
34 | 12 | 0.4185
35 | 12 | 0.4126
36 | 13 | 0.4385
37 | 11 | 0.4705
38 | 13 | 0.4468
39 | 12 | 0.3149
40 | 10 | 0.4251
41 | 12 | 0.2562
42 | 11 | 0.3994
43 | 10 | 0.2005
44 | 10 | 0.3889
45 | 8 | 0.3258
46 | 7 | 0.4162
47 | 7 | 0.1183
48 | 5 | 0.4082
49 | 6 | 3.3983
50 | 6 | 0.4327
51 | 5 | 0.2209
52 | 3 | 0.0746
53 | 6 | 0.0380
54 | 6 | 0.0105
55 | 5 | 0.0060
56 | 4 | 0.0018
57 | 3 | 0.0008
58 | 2 | 0.0002
59 | 1 | 0.0002
60 | 0 | 0.0001
60 | 0 | 0.0001
0 | 4 | 0.4491
1 | 3 | 0.1653
2 | 4 | 0.4477
3 | 4 | 0.3060
4 | 7 | 0.4326
5 | 6 | 0.9143
6 | 9 | 0.4388
7 | 8 | 1.1050
8 | 9 | 0.4420
9 | 9 | 1.7748
10 | 11 | 0.4309
11 | 12 | 0.6525
12 | 13 | 0.4335
13 | 14 | 0.7420
14 | 11 | 0.4168
15 | 13 | 0.6165
16 | 15 | 0.4131
17 | 15 | 1.0531
18 | 17 | 0.4208
19 | 17 | 1.3909
20 | 16 | 0.4149
21 | 12 | 0.6616
22 | 16 | 0.4223
23 | 13 | 0.9735
24 | 16 | 0.4393
25 | 14 | 0.7224
26 | 16 | 0.4369
27 | 15 | 0.5116
28 | 15 | 0.4430
29 | 16 | 0.6848
30 | 16 | 0.4373
31 | 17 | 0.7320
32 | 15 | 0.3880
33 | 15 | 0.6154
34 | 14 | 0.4347
35 | 13 | 0.2612
36 | 12 | 0.4259
37 | 11 | 0.1526
38 | 10 | 0.4157
39 | 10 | 0.1358
40 | 9 | 0.4228
41 | 9 | 0.1073
42 | 7 | 0.4046
43 | 8 | 0.0806
44 | 7 | 0.4081
45 | 8 | 0.0868
46 | 7 | 0.3994
47 | 6 | 0.1203
48 | 5 | 0.3957
49 | 6 | 2.5504
50 | 6 | 0.7550
51 | 6 | 0.5251
52 | 4 | 0.0686
53 | 5 | 0.0732
54 | 4 | 0.0081
55 | 3 | 0.0068
56 | 2 | 0.0016
57 | 3 | 0.0007
58 | 2 | 0.0002
59 | 1 | 0.0002
60 | 0 | 0.0001
60 | 0 | 0.0001
0 | 4 | 0.4474
1 | 3 | 0.1397
2 | 4 | 0.4496
3 | 4 | 0.2958
4 | 7 | 0.4380
5 | 6 | 0.5324
6 | 8 | 0.4448
7 | 9 | 1.0241
8 | 10 | 0.4426
9 | 12 | 0.8781
10 | 12 | 0.4330
11 | 13 | 1.1087
12 | 15 | 0.4410
13 | 7 | 0.4185
14 | 15 | 0.3575
15 | 16 | 1.1074
16 | 18 | 0.4254
17 | 17 | 0.7146
18 | 17 | 0.4136
19 | 17 | 0.7065
20 | 17 | 0.4280
21 | 15 | 0.9158
22 | 15 | 0.4333
23 | 15 | 0.6942
24 | 15 | 0.4327
25 | 14 | 0.4446
26 | 16 | 0.4375
27 | 15 | 0.5624
28 | 15 | 0.4423
29 | 17 | 0.6501
30 | 14 | 0.4374
31 | 15 | 0.8672
32 | 14 | 0.3915
33 | 15 | 0.4640
34 | 15 | 0.4210
35 | 14 | 0.4118
36 | 13 | 0.4278
37 | 13 | 0.3325
38 | 12 | 0.4519
39 | 12 | 0.1671
40 | 12 | 0.4166
41 | 11 | 0.1441
42 | 11 | 0.4654
43 | 11 | 0.1693
44 | 10 | 0.4371
45 | 11 | 0.1323
46 | 9 | 0.3828
47 | 9 | 0.1435
48 | 8 | 0.3576
49 | 7 | 1.3231
50 | 7 | 0.3701
51 | 6 | 0.1737
52 | 2 | 0.0639
53 | 5 | 0.0429
54 | 3 | 0.0081
55 | 3 | 0.0055
56 | 1 | 0.0027
57 | 3 | 0.0008
58 | 2 | 0.0002
59 | 1 | 0.0003
60 | 0 | 0.0001
60 | 0 | 0.0001
0 | 4 | 0.4477
1 | 3 | 0.1384
2 | 4 | 0.4586
3 | 4 | 0.2679
4 | 7 | 0.4485
5 | 8 | 0.8969
6 | 11 | 0.4307
7 | 11 | 0.7446
8 | 12 | 0.4467
9 | 13 | 0.8349
10 | 14 | 0.4363
11 | 13 | 1.6091
12 | 13 | 0.4483
13 | 16 | 1.0165
14 | 18 | 0.4255
15 | 17 | 1.2238
16 | 18 | 0.4412
17 | 15 | 1.2504
18 | 18 | 0.4321
19 | 13 | 1.0430
20 | 19 | 0.4232
21 | 20 | 1.1455
22 | 19 | 0.4274
23 | 14 | 0.6432
24 | 18 | 0.4690
25 | 18 | 0.8058
26 | 17 | 0.4461
27 | 17 | 0.6698
28 | 17 | 0.4313
29 | 17 | 0.8349
30 | 16 | 0.4494
31 | 11 | 0.4166
32 | 11 | 0.4095
33 | 11 | 0.2908
34 | 14 | 0.4425
35 | 14 | 0.3274
36 | 13 | 0.4441
37 | 13 | 0.2264
38 | 13 | 0.4510
39 | 14 | 0.3115
40 | 12 | 0.4515
41 | 13 | 0.3877
42 | 12 | 0.4584
43 | 13 | 0.2560
44 | 13 | 0.4376
45 | 13 | 0.2159
46 | 10 | 0.4565
47 | 10 | 0.1304
48 | 9 | 0.4103
49 | 9 | 0.7074
50 | 8 | 1.8794
51 | 8 | 0.1565
52 | 7 | 0.1373
53 | 7 | 0.0499
54 | 5 | 0.0163
55 | 5 | 0.0058
56 | 1 | 0.0020
57 | 1 | 0.0004
58 | 0 | 0.0004
59 | 1 | 0.0002
60 | 0 | 0.0001
60 | 0 | 0.0001
0 | 4 | 0.4611
1 | 3 | 0.1743
2 | 4 | 0.4846
3 | 3 | 0.1183
4 | 6 | 0.4351
5 | 7 | 0.2625
6 | 4 | 0.4334
7 | 6 | 0.3015
8 | 6 | 0.4398
9 | 9 | 0.6487
10 | 10 | 0.4656
11 | 10 | 0.6227
12 | 14 | 0.4281
13 | 13 | 0.8146
14 | 11 | 0.4340
15 | 13 | 1.5458
16 | 14 | 0.4259
17 | 13 | 0.6659
18 | 14 | 0.4105
19 | 15 | 0.7605
20 | 19 | 0.4216
21 | 15 | 0.5921
22 | 14 | 0.4264
23 | 14 | 0.5276
24 | 14 | 0.4299
25 | 13 | 0.3521
26 | 14 | 0.4457
27 | 13 | 0.4568
28 | 12 | 0.4305
29 | 11 | 0.5461
30 | 12 | 0.4294
31 | 13 | 0.3429
32 | 13 | 0.3969
33 | 13 | 0.5162
34 | 13 | 0.4292
35 | 12 | 0.6132
36 | 15 | 0.4489
37 | 14 | 0.2734
38 | 13 | 0.4371
39 | 12 | 0.2815
40 | 11 | 0.4530
41 | 11 | 0.1546
42 | 11 | 0.4244
43 | 12 | 0.1137
44 | 10 | 0.4006
45 | 10 | 0.1061
46 | 8 | 0.3918
47 | 9 | 0.0636
48 | 8 | 0.3760
49 | 7 | 1.0449
50 | 6 | 0.7158
51 | 5 | 0.1120
52 | 2 | 0.1221
53 | 3 | 0.0177
54 | 2 | 0.0119
55 | 2 | 0.0020
56 | 0 | 0.0024
57 | 1 | 0.0004
58 | 0 | 0.0005
59 | 0 | 0.0001
59 | 0 | 0.0001
60 | 0 | 0.0001
60 | 0 | 0.0000
0 | 4 | 0.4443
1 | 3 | 0.1608
2 | 4 | 0.4504
3 | 4 | 0.2859
4 | 7 | 0.4383
5 | 8 | 0.6287
6 | 9 | 0.4440
7 | 8 | 0.5224
8 | 9 | 0.4634
9 | 11 | 2.1154
10 | 12 | 0.4496
11 | 13 | 4.0965
12 | 11 | 0.4171
13 | 13 | 5.6877
14 | 14 | 0.4214
15 | 14 | 3.2653
16 | 14 | 0.4167
17 | 18 | 2.5730
18 | 14 | 0.4145
19 | 13 | 1.7085
20 | 13 | 0.4405
21 | 14 | 0.6190
22 | 14 | 0.4258
23 | 15 | 0.5927
24 | 14 | 0.4408
25 | 13 | 1.1144
26 | 12 | 0.4310
27 | 10 | 0.7553
28 | 11 | 0.4332
29 | 14 | 0.4295
30 | 12 | 0.4158
31 | 12 | 0.2804
32 | 11 | 0.4022
33 | 11 | 0.1718
34 | 11 | 0.4269
35 | 11 | 0.2439
36 | 12 | 0.4309
37 | 11 | 0.1209
38 | 9 | 0.4301
39 | 10 | 0.0959
40 | 9 | 0.4256
41 | 9 | 0.1766
42 | 8 | 0.4452
43 | 9 | 0.1761
44 | 7 | 0.4224
45 | 9 | 0.1002
46 | 9 | 0.4216
47 | 8 | 0.0767
48 | 9 | 0.3957
49 | 8 | 1.4504
50 | 7 | 0.3003
51 | 5 | 0.3562
52 | 4 | 0.0590
53 | 5 | 0.0390
54 | 2 | 0.0095
55 | 5 | 0.0037
56 | 3 | 0.0011
57 | 3 | 0.0008
58 | 2 | 0.0002
59 | 1 | 0.0002
60 | 0 | 0.0001
60 | 0 | 0.0001
0 | 4 | 0.4382
1 | 3 | 0.1736
2 | 4 | 0.4485
3 | 5 | 0.2185
4 | 6 | 0.4456
5 | 7 | 0.2098
6 | 7 | 0.4420
7 | 7 | 0.4333
8 | 8 | 0.4560
9 | 8 | 0.5816
10 | 12 | 0.4583
11 | 10 | 1.0101
12 | 15 | 0.4607
13 | 17 | 0.7769
14 | 17 | 0.4387
15 | 17 | 0.6450
16 | 13 | 0.4408
17 | 14 | 0.8759
18 | 12 | 0.4288
19 | 10 | 2.1005
20 | 11 | 0.4475
21 | 11 | 1.7203
22 | 11 | 0.4696
23 | 10 | 0.8936
24 | 14 | 0.4561
25 | 13 | 0.4774
26 | 11 | 0.4639
27 | 13 | 0.5958
28 | 12 | 0.4564
29 | 13 | 0.2742
30 | 12 | 0.4548
31 | 13 | 0.2750
32 | 11 | 0.4215
33 | 13 | 0.2260
34 | 13 | 0.4614
35 | 13 | 0.2380
36 | 12 | 0.4539
37 | 11 | 0.1904
38 | 10 | 0.4552
39 | 13 | 0.2528
40 | 12 | 0.4654
41 | 11 | 0.3058
42 | 10 | 0.4221
43 | 10 | 0.2341
44 | 10 | 0.4259
45 | 9 | 0.1083
46 | 9 | 0.4154
47 | 9 | 0.1588
48 | 8 | 0.4360
49 | 8 | 4.0862
50 | 7 | 1.9875
51 | 9 | 0.5168
52 | 8 | 0.1185
53 | 7 | 0.0498
54 | 6 | 0.0090
55 | 5 | 0.0040
56 | 4 | 0.0012
57 | 3 | 0.0008
58 | 2 | 0.0002
59 | 1 | 0.0002
60 | 0 | 0.0001
60 | 0 | 0.0001
0 | 4 | 0.4557
1 | 3 | 0.1644
2 | 4 | 0.4388
3 | 3 | 0.1924
4 | 6 | 0.4441
5 | 8 | 0.7386
6 | 8 | 0.4369
7 | 10 | 1.1600
8 | 12 | 0.4460
9 | 11 | 1.1245
10 | 10 | 0.4319
11 | 9 | 0.5560
12 | 11 | 0.4173
13 | 13 | 0.4876
14 | 13 | 0.4121
15 | 13 | 0.6860
16 | 13 | 0.4256
17 | 16 | 0.6848
18 | 13 | 0.4126
19 | 13 | 0.7431
20 | 16 | 0.4214
21 | 17 | 0.5221
22 | 15 | 0.4264
23 | 14 | 0.3912
24 | 14 | 0.4605
25 | 12 | 0.3423
26 | 13 | 0.4655
27 | 12 | 0.3892
28 | 12 | 0.4405
29 | 13 | 0.3202
30 | 13 | 0.4414
31 | 12 | 0.2471
32 | 13 | 0.4080
33 | 8 | 0.1931
34 | 12 | 0.4303
35 | 10 | 0.3083
36 | 10 | 0.4392
37 | 8 | 0.2285
38 | 10 | 0.4577
39 | 10 | 0.1372
40 | 9 | 0.4466
41 | 10 | 0.0945
42 | 9 | 0.4457
42 | 9 | 0.1027
43 | 8 | 0.4106
44 | 8 | 0.0627
45 | 7 | 0.3938
46 | 8 | 0.0785
47 | 7 | 0.3905
48 | 7 | 4.1085
49 | 5 | 0.4196
50 | 5 | 1.6022
51 | 4 | 0.2315
52 | 4 | 0.1216
53 | 3 | 0.0296
54 | 4 | 0.0182
55 | 4 | 0.0030
56 | 3 | 0.0022
57 | 2 | 0.0010
58 | 2 | 0.0004
59 | 1 | 0.0001
60 | 0 | 0.0001
60 | 0 | 0.0000
0 | 4 | 0.4314
1 | 3 | 0.1663
2 | 4 | 0.4585
3 | 3 | 0.1307
4 | 6 | 0.4396
5 | 8 | 0.8045
6 | 10 | 0.4467
7 | 9 | 0.8253
8 | 13 | 0.4450
9 | 13 | 1.7114
10 | 12 | 0.4362
11 | 13 | 1.6066
12 | 15 | 0.4257
13 | 12 | 1.1058
14 | 12 | 0.4179
15 | 13 | 1.0782
16 | 14 | 0.4173
17 | 12 | 1.6709
18 | 18 | 0.3971
19 | 17 | 2.0190
20 | 17 | 0.4380
21 | 17 | 1.5923
22 | 16 | 0.4121
23 | 15 | 3.2213
24 | 17 | 0.4362
25 | 17 | 1.2433
26 | 15 | 0.4391
27 | 16 | 1.4951
28 | 17 | 0.4263
29 | 13 | 1.0623
30 | 17 | 0.4399
31 | 18 | 0.7809
32 | 16 | 0.4048
33 | 15 | 0.6670
34 | 17 | 0.4249
35 | 17 | 0.6682
36 | 16 | 0.4236
37 | 14 | 0.4080
38 | 17 | 0.4423
39 | 16 | 0.3548
40 | 15 | 0.4303
41 | 15 | 0.3568
42 | 13 | 0.4575
43 | 13 | 0.2053
44 | 11 | 0.4217
45 | 11 | 0.1487
46 | 10 | 0.4178
47 | 9 | 0.1734
48 | 8 | 0.3908
49 | 7 | 1.9062
50 | 6 | 0.5554
51 | 6 | 0.3357
52 | 5 | 0.0830
53 | 5 | 0.0595
54 | 3 | 0.0187
55 | 5 | 0.0081
56 | 3 | 0.0020
57 | 3 | 0.0014
58 | 2 | 0.0006
59 | 1 | 0.0003
60 | 0 | 0.0001
60 | 0 | 0.0002
0 | 4 | 0.4389
1 | 3 | 0.1651
2 | 4 | 0.4517
3 | 5 | 0.1716
4 | 5 | 0.4333
5 | 6 | 0.4313
6 | 9 | 0.4370
7 | 10 | 0.6084
8 | 8 | 0.4498
9 | 10 | 0.4357
10 | 13 | 0.4705
11 | 11 | 0.3722
12 | 14 | 0.4406
13 | 14 | 0.4486
14 | 12 | 0.4182
15 | 9 | 0.4633
16 | 14 | 0.4235
17 | 11 | 0.6076
18 | 11 | 0.4172
19 | 11 | 0.4599
20 | 8 | 0.4183
21 | 6 | 0.4942
22 | 15 | 0.4206
23 | 16 | 0.5417
24 | 16 | 0.4299
25 | 15 | 0.4559
26 | 15 | 0.4429
27 | 14 | 0.4648
28 | 14 | 0.4320
29 | 11 | 0.2485
30 | 15 | 0.4222
31 | 14 | 0.5364
32 | 15 | 0.3984
33 | 16 | 0.4530
34 | 15 | 0.4272
35 | 15 | 0.3616
36 | 14 | 0.4489
37 | 13 | 0.2158
38 | 10 | 0.4486
39 | 11 | 0.1028
40 | 9 | 0.4461
41 | 9 | 0.0803
42 | 8 | 0.4444
43 | 8 | 0.0742
44 | 9 | 0.4368
45 | 10 | 0.0834
46 | 7 | 0.4514
47 | 7 | 0.6405
48 | 6 | 0.4062
49 | 6 | 0.3623
50 | 5 | 0.4607
51 | 5 | 0.1861
52 | 4 | 0.0930
53 | 4 | 0.0363
54 | 2 | 0.0109
55 | 2 | 0.0044
56 | 2 | 0.0015
57 | 1 | 0.0004
58 | 0 | 0.0004
59 | 1 | 0.0002
60 | 0 | 0.0001
60 | 0 | 0.0001
0 | 4 | 0.4409
1 | 3 | 0.1781
2 | 4 | 0.4487
3 | 5 | 0.3693
4 | 5 | 0.4367
5 | 5 | 0.3173
6 | 5 | 0.4555
7 | 4 | 0.3640
8 | 8 | 0.4393
9 | 9 | 0.9405
10 | 9 | 0.4520
11 | 9 | 1.0508
12 | 11 | 0.4322
13 | 9 | 0.6616
14 | 12 | 0.4262
15 | 11 | 0.8636
16 | 14 | 0.4208
17 | 11 | 0.8413
18 | 12 | 0.4287
19 | 12 | 1.2595
20 | 14 | 0.4278
21 | 12 | 0.3959
22 | 14 | 0.4298
23 | 14 | 0.5483
24 | 12 | 0.4384
25 | 11 | 0.4355
26 | 13 | 0.4275
27 | 11 | 0.2910
28 | 12 | 0.4682
29 | 10 | 0.1723
30 | 11 | 0.4348
31 | 10 | 0.2030
32 | 12 | 0.3897
33 | 9 | 0.2461
34 | 12 | 0.4131
35 | 7 | 0.2356
36 | 10 | 0.4689
37 | 9 | 0.4829
38 | 13 | 0.4383
39 | 13 | 0.4850
40 | 11 | 0.4369
41 | 11 | 0.2934
42 | 11 | 0.4537
43 | 11 | 0.1868
44 | 10 | 0.4311
45 | 9 | 0.0990
46 | 10 | 0.4395
47 | 9 | 0.0622
48 | 8 | 0.4023
49 | 8 | 0.9518
50 | 7 | 0.3688
51 | 6 | 0.1643
52 | 5 | 0.0435
53 | 5 | 0.0170
54 | 4 | 0.0091
55 | 5 | 0.0038
56 | 3 | 0.0011
57 | 3 | 0.0008
58 | 2 | 0.0002
59 | 1 | 0.0002
60 | 0 | 0.0001
60 | 0 | 0.0001
0 | 4 | 0.4437
1 | 3 | 0.1590
2 | 4 | 0.4508
3 | 5 | 0.1847
4 | 5 | 0.4464
5 | 5 | 0.3895
6 | 5 | 0.4261
7 | 7 | 0.6156
8 | 7 | 0.4391
9 | 7 | 0.3756
10 | 9 | 0.4729
11 | 11 | 0.3669
12 | 10 | 0.4435
13 | 10 | 0.3324
14 | 6 | 0.4242
15 | 7 | 0.2453
16 | 9 | 0.4345
17 | 10 | 0.1770
18 | 8 | 0.4440
19 | 10 | 0.2713
20 | 11 | 0.4618
21 | 10 | 0.2972
22 | 10 | 0.4334
23 | 9 | 0.5237
24 | 9 | 0.4556
25 | 12 | 0.3653
26 | 12 | 0.4621
27 | 12 | 0.3553
28 | 14 | 0.4380
29 | 12 | 0.5716
30 | 12 | 0.4672
31 | 10 | 0.4195
32 | 11 | 0.4287
33 | 12 | 0.3903
34 | 12 | 0.4610
35 | 12 | 0.3180
36 | 14 | 0.4468
37 | 13 | 0.3352
38 | 11 | 0.4667
39 | 11 | 0.3405
40 | 12 | 0.4573
41 | 11 | 0.2150
42 | 10 | 0.4572
43 | 10 | 0.2254
44 | 10 | 0.4098
45 | 9 | 0.1847
46 | 8 | 0.4035
47 | 9 | 0.0825
48 | 7 | 0.4028
49 | 9 | 2.3086
50 | 6 | 0.6191
51 | 6 | 0.1874
52 | 5 | 0.0838
53 | 6 | 0.0415
54 | 4 | 0.0093
55 | 4 | 0.0050
56 | 3 | 0.0021
57 | 3 | 0.0010
58 | 2 | 0.0004
59 | 1 | 0.0002
60 | 0 | 0.0001
60 | 0 | 0.0001
0 | 4 | 0.4382
1 | 3 | 0.1658
2 | 4 | 0.4547
3 | 5 | 0.2706
4 | 6 | 0.4483
5 | 7 | 0.2498
6 | 10 | 0.4428
7 | 8 | 0.4350
8 | 7 | 0.4558
9 | 7 | 0.8542
10 | 7 | 0.4570
11 | 10 | 1.7856
12 | 13 | 0.4359
13 | 11 | 2.0661
14 | 15 | 0.4375
15 | 15 | 1.2993
16 | 13 | 0.4372
17 | 13 | 1.2025
18 | 13 | 0.4308
19 | 12 | 0.4887
20 | 10 | 0.4316
21 | 10 | 0.6168
22 | 10 | 0.4347
23 | 12 | 0.5913
24 | 12 | 0.4529
25 | 12 | 0.3546
26 | 15 | 0.4346
27 | 13 | 0.3871
28 | 11 | 0.4756
29 | 12 | 0.4240
30 | 11 | 0.4371
31 | 10 | 0.5570
32 | 11 | 0.4189
33 | 14 | 1.6402
34 | 14 | 0.4451
35 | 16 | 0.4548
36 | 13 | 0.4619
37 | 13 | 0.1955
38 | 12 | 0.4521
39 | 12 | 0.3008
40 | 12 | 0.4509
41 | 12 | 0.3075
42 | 11 | 0.4595
43 | 11 | 0.1594
44 | 11 | 0.4369
45 | 11 | 0.2626
46 | 10 | 0.4459
47 | 9 | 0.1715
48 | 7 | 0.4017
49 | 7 | 5.2526
50 | 5 | 0.8340
51 | 5 | 0.3112
52 | 4 | 0.0619
53 | 4 | 0.0182
54 | 4 | 0.0109
55 | 5 | 0.0053
56 | 4 | 0.0012
57 | 3 | 0.0008
58 | 1 | 0.0004
59 | 1 | 0.0002
60 | 0 | 0.0001
60 | 0 | 0.0001
0 | 4 | 0.4429
1 | 3 | 0.1357
2 | 4 | 0.4790
3 | 3 | 0.2757
4 | 6 | 0.4422
5 | 8 | 0.9169
6 | 8 | 0.4350
7 | 7 | 0.7129
8 | 6 | 0.4506
9 | 7 | 0.5559
10 | 8 | 0.4279
11 | 10 | 0.7699
12 | 9 | 0.4384
13 | 11 | 0.6610
14 | 15 | 0.4351
15 | 13 | 0.7051
16 | 10 | 0.4396
17 | 13 | 2.9672
18 | 13 | 0.4172
19 | 14 | 3.7632
20 | 16 | 0.4160
21 | 12 | 2.8894
22 | 15 | 0.4411
23 | 14 | 1.2487
24 | 13 | 0.4259
25 | 11 | 0.9914
26 | 17 | 0.4287
27 | 15 | 1.8653
28 | 19 | 0.4394
29 | 17 | 1.0310
30 | 16 | 0.4449
31 | 17 | 2.3551
32 | 16 | 0.4513
33 | 16 | 0.8813
34 | 18 | 0.4374
35 | 17 | 1.0922
36 | 16 | 0.4685
37 | 18 | 0.7110
38 | 17 | 0.4513
39 | 15 | 0.3286
40 | 13 | 0.4633
41 | 14 | 0.7651
42 | 13 | 0.4592
43 | 12 | 0.6050
44 | 11 | 0.4418
45 | 11 | 0.2123
46 | 9 | 0.3995
47 | 8 | 0.1005
48 | 7 | 0.4007
49 | 6 | 1.2856
50 | 5 | 0.1610
51 | 4 | 0.1134
52 | 3 | 0.0252
53 | 4 | 0.0099
54 | 4 | 0.0026
55 | 2 | 0.0021
56 | 3 | 0.0010
57 | 2 | 0.0006
58 | 1 | 0.0004
59 | 1 | 0.0002
60 | 0 | 0.0001
60 | 0 | 0.0001
0 | 4 | 0.4377
1 | 3 | 0.1334
2 | 4 | 0.4436
3 | 5 | 0.0793
4 | 6 | 0.4607
5 | 7 | 0.2162
6 | 10 | 0.4265
7 | 8 | 0.3162
8 | 9 | 0.4560
9 | 9 | 0.4881
10 | 11 | 0.4620
11 | 13 | 0.3738
12 | 14 | 0.4351
13 | 15 | 0.5415
14 | 13 | 0.4228
15 | 13 | 1.0881
16 | 17 | 0.4276
17 | 19 | 1.1494
18 | 21 | 0.4189
19 | 19 | 1.2256
20 | 19 | 0.4343
21 | 19 | 1.2118
22 | 20 | 0.4413
23 | 18 | 1.5296
24 | 16 | 0.4769
25 | 15 | 0.5867
26 | 16 | 0.4425
27 | 12 | 0.6630
28 | 22 | 0.4464
29 | 22 | 1.0712
30 | 21 | 0.4558
31 | 20 | 0.9331
32 | 20 | 0.4297
33 | 16 | 0.6941
34 | 18 | 0.4444
35 | 15 | 0.4493
36 | 15 | 0.4416
36 | 15 | 0.4618
37 | 16 | 0.4376
38 | 18 | 0.6221
39 | 19 | 0.4592
39 | 19 | 0.6316
40 | 17 | 0.4101
41 | 17 | 0.5276
42 | 15 | 0.4375
43 | 14 | 0.4332
44 | 13 | 0.4162
45 | 13 | 0.2340
46 | 12 | 0.4368
47 | 11 | 0.1576
48 | 9 | 0.4250
49 | 9 | 1.2342
50 | 9 | 0.8507
51 | 9 | 0.3162
52 | 8 | 0.1051
53 | 7 | 0.0365
54 | 5 | 0.0125
55 | 5 | 0.0046
56 | 4 | 0.0025
57 | 3 | 0.0009
58 | 0 | 0.0004
59 | 1 | 0.0002
60 | 0 | 0.0001
60 | 0 | 0.0001
0 | 4 | 0.4638
1 | 3 | 0.1455
2 | 4 | 0.4637
3 | 5 | 0.0893
4 | 6 | 0.4384
5 | 6 | 0.1845
6 | 9 | 0.4397
7 | 10 | 0.6715
8 | 13 | 0.4426
9 | 11 | 0.6482
10 | 11 | 0.4329
11 | 11 | 0.3139
12 | 11 | 0.4273
13 | 11 | 0.5753
14 | 11 | 0.4476
15 | 11 | 0.5373
16 | 10 | 0.4332
17 | 13 | 0.5312
18 | 13 | 0.4201
19 | 14 | 0.7451
20 | 13 | 0.4341
21 | 12 | 0.5752
22 | 15 | 0.4353
23 | 16 | 0.5221
24 | 14 | 0.4314
25 | 14 | 0.5536
26 | 15 | 0.4415
27 | 14 | 0.3979
28 | 13 | 0.4359
29 | 14 | 0.6996
30 | 13 | 0.4350
31 | 14 | 0.9435
32 | 11 | 0.4236
33 | 12 | 0.4678
34 | 12 | 0.4299
35 | 12 | 0.6165
36 | 11 | 0.4351
37 | 10 | 1.7584
38 | 10 | 0.4357
39 | 11 | 4.7557
40 | 11 | 0.4427
41 | 9 | 4.1047
42 | 9 | 0.4398
43 | 9 | 0.1169
44 | 10 | 0.3885
45 | 8 | 0.0704
46 | 7 | 0.4221
47 | 10 | 0.0863
48 | 9 | 0.3860
49 | 9 | 3.5979
50 | 8 | 0.4278
51 | 7 | 0.3627
52 | 6 | 0.0911
53 | 7 | 0.0476
54 | 6 | 0.0134
55 | 5 | 0.0044
56 | 4 | 0.0011
57 | 3 | 0.0007
58 | 2 | 0.0004
58 | 2 | 0.0004
59 | 1 | 0.0001
60 | 0 | 0.0001
60 | 0 | 0.0000
0 | 4 | 0.4319
1 | 3 | 0.1664
2 | 4 | 0.4615
3 | 5 | 0.3679
4 | 5 | 0.4309
5 | 6 | 0.2847
6 | 8 | 0.4409
7 | 7 | 0.2285
8 | 7 | 0.4419
9 | 9 | 0.3294
10 | 7 | 0.4506
11 | 8 | 1.7228
12 | 9 | 0.4296
13 | 8 | 0.8283
14 | 11 | 0.4238
15 | 11 | 0.9505
16 | 14 | 0.4238
17 | 17 | 1.4633
18 | 17 | 0.4194
19 | 14 | 0.9299
20 | 18 | 0.4226
21 | 18 | 0.7369
22 | 17 | 0.4196
23 | 17 | 0.6090
24 | 17 | 0.4296
25 | 15 | 0.3594
26 | 14 | 0.4643
27 | 13 | 0.3007
28 | 14 | 0.4299
29 | 15 | 0.3776
30 | 16 | 0.4364
31 | 13 | 0.2073
32 | 12 | 0.4137
33 | 10 | 0.1907
34 | 11 | 0.4134
35 | 13 | 0.3420
36 | 13 | 0.4323
37 | 13 | 0.2952
38 | 12 | 0.4417
39 | 13 | 0.2137
40 | 12 | 0.4373
41 | 11 | 0.2099
42 | 10 | 0.4270
43 | 7 | 0.1628
44 | 6 | 0.4455
45 | 7 | 0.1495
46 | 7 | 0.4396
47 | 8 | 0.1431
48 | 5 | 0.4166
49 | 7 | 2.4013
50 | 6 | 0.3150
51 | 5 | 0.1612
52 | 4 | 0.0723
53 | 5 | 0.0333
54 | 4 | 0.0074
55 | 4 | 0.0055
56 | 3 | 0.0013
57 | 3 | 0.0007
58 | 2 | 0.0002
59 | 1 | 0.0002
60 | 0 | 0.0001
60 | 0 | 0.0001
0 | 4 | 0.4452
1 | 3 | 0.1675
2 | 4 | 0.4403
3 | 4 | 0.2703
4 | 7 | 0.4290
5 | 8 | 0.8058
6 | 11 | 0.4354
7 | 7 | 1.0257
8 | 10 | 0.4442
9 | 9 | 1.4942
10 | 13 | 0.4505
11 | 13 | 2.1995
12 | 14 | 0.4161
13 | 13 | 1.2244
14 | 13 | 0.4482
15 | 13 | 3.6889
16 | 16 | 0.4196
17 | 18 | 3.3672
18 | 19 | 0.4248
19 | 20 | 2.2172
20 | 20 | 0.4350
21 | 19 | 4.2290
22 | 17 | 0.4345
23 | 16 | 3.6509
24 | 19 | 0.4237
25 | 19 | 1.2169
26 | 15 | 0.4399
27 | 15 | 1.6210
28 | 18 | 0.4284
29 | 15 | 0.8479
30 | 12 | 0.4443
31 | 9 | 0.8142
32 | 10 | 0.3887
33 | 11 | 2.1214
34 | 16 | 0.4325
35 | 15 | 1.7068
36 | 14 | 0.4450
37 | 13 | 0.5017
38 | 12 | 0.4168
39 | 11 | 0.2561
40 | 10 | 0.4301
41 | 9 | 0.1117
42 | 8 | 0.4403
43 | 9 | 0.1258
44 | 8 | 0.4450
45 | 7 | 0.1482
46 | 6 | 0.4242
47 | 6 | 0.0502
48 | 6 | 0.4042
49 | 7 | 1.7218
50 | 5 | 0.7768
51 | 6 | 0.1897
52 | 3 | 0.0927
53 | 4 | 0.0185
54 | 4 | 0.0077
55 | 3 | 0.0017
56 | 3 | 0.0016
57 | 2 | 0.0007
58 | 1 | 0.0004
59 | 0 | 0.0001
59 | 0 | 0.0001
60 | 0 | 0.0001
60 | 0 | 0.0000
0 | 4 | 0.4290
1 | 3 | 0.1472
2 | 4 | 0.4564
3 | 5 | 0.0819
4 | 6 | 0.4322
5 | 7 | 0.2662
6 | 7 | 0.4515
7 | 8 | 0.5999
8 | 11 | 0.4499
9 | 10 | 0.7420
10 | 10 | 0.4461
11 | 12 | 0.9576
12 | 12 | 0.4247
13 | 11 | 0.6542
14 | 13 | 0.4352
15 | 15 | 1.3247
16 | 14 | 0.4155
17 | 13 | 3.8769
18 | 12 | 0.4026
19 | 15 | 1.0652
20 | 16 | 0.4132
21 | 17 | 1.9509
22 | 16 | 0.4300
23 | 15 | 0.9211
24 | 17 | 0.4302
25 | 15 | 0.6434
26 | 16 | 0.4233
27 | 17 | 0.7341
28 | 16 | 0.4218
29 | 16 | 0.6313
30 | 16 | 0.4180
31 | 16 | 0.7146
32 | 13 | 0.3856
33 | 13 | 5.7526
34 | 12 | 0.4240
35 | 13 | 6.7715
36 | 12 | 0.4443
37 | 12 | 0.5286
38 | 10 | 0.4628
39 | 12 | 0.3191
40 | 11 | 0.4443
41 | 10 | 0.3228
42 | 10 | 0.4321
43 | 5 | 0.1335
44 | 7 | 0.4493
45 | 9 | 0.1102
46 | 8 | 0.4216
47 | 7 | 0.0902
48 | 6 | 0.4177
49 | 5 | 1.8699
50 | 4 | 0.1979
51 | 4 | 0.1615
52 | 4 | 0.0506
53 | 6 | 0.0263
54 | 4 | 0.0050
55 | 4 | 0.0024
56 | 3 | 0.0010
57 | 3 | 0.0008
58 | 2 | 0.0002
59 | 1 | 0.0002
60 | 0 | 0.0001
60 | 0 | 0.0001
0 | 4 | 0.4600
1 | 3 | 0.1384
2 | 4 | 0.4381
3 | 5 | 0.0839
4 | 6 | 0.4681
5 | 6 | 0.2838
6 | 5 | 0.4410
7 | 5 | 0.6426
8 | 6 | 0.4588
9 | 9 | 0.7494
10 | 8 | 0.4545
11 | 10 | 0.8600
12 | 11 | 0.4495
13 | 11 | 0.6658
14 | 10 | 0.4363
15 | 11 | 0.5613
16 | 13 | 0.4254
17 | 14 | 0.7336
18 | 15 | 0.4268
19 | 17 | 1.1312
20 | 17 | 0.4257
21 | 18 | 0.6802
22 | 17 | 0.4210
23 | 17 | 0.6965
24 | 16 | 0.4468
25 | 16 | 0.5813
26 | 14 | 0.4295
27 | 13 | 0.2774
28 | 13 | 0.4542
29 | 13 | 0.2880
30 | 13 | 0.4207
31 | 13 | 0.8569
32 | 12 | 0.4058
33 | 13 | 0.5208
34 | 12 | 0.4281
35 | 10 | 0.5573
36 | 10 | 0.4301
37 | 9 | 0.2018
38 | 8 | 0.4464
39 | 8 | 0.5053
40 | 6 | 0.4459
41 | 6 | 0.1109
42 | 6 | 0.4494
43 | 7 | 0.1257
44 | 6 | 0.4263
45 | 9 | 0.1331
46 | 8 | 0.4034
47 | 7 | 0.0568
48 | 7 | 0.4078
49 | 7 | 2.2371
50 | 6 | 0.3246
51 | 5 | 0.1863
52 | 4 | 0.0796
53 | 6 | 0.0450
54 | 2 | 0.0125
55 | 4 | 0.0050
56 | 2 | 0.0014
57 | 1 | 0.0004
58 | 0 | 0.0004
59 | 1 | 0.0002
60 | 0 | 0.0001
60 | 0 | 0.0001
0 | 4 | 0.4467
1 | 3 | 0.1695
2 | 4 | 0.4662
3 | 3 | 0.1921
4 | 6 | 0.4283
5 | 7 | 0.4010
6 | 4 | 0.4382
7 | 6 | 0.3616
8 | 6 | 0.4416
9 | 9 | 0.4506
10 | 10 | 0.4546
11 | 10 | 0.7842
12 | 14 | 0.4232
13 | 16 | 0.6266
14 | 14 | 0.4351
15 | 14 | 0.6816
16 | 16 | 0.4220
17 | 16 | 0.9345
18 | 16 | 0.4229
19 | 17 | 0.7622
20 | 17 | 0.4279
21 | 16 | 0.6069
22 | 18 | 0.4316
23 | 18 | 0.7375
24 | 18 | 0.4487
25 | 17 | 0.5131
26 | 16 | 0.4531
27 | 16 | 0.5696
28 | 15 | 0.4713
29 | 15 | 0.3816
30 | 15 | 0.4380
31 | 14 | 0.2741
32 | 13 | 0.3984
33 | 13 | 0.3295
34 | 13 | 0.4359
35 | 13 | 0.4219
36 | 11 | 0.4394
37 | 12 | 0.2320
38 | 11 | 0.4545
39 | 10 | 0.1346
40 | 9 | 0.4456
41 | 9 | 0.0721
42 | 8 | 0.4473
43 | 10 | 0.1006
44 | 7 | 0.4133
45 | 7 | 0.2565
46 | 6 | 0.4355
47 | 5 | 0.1027
48 | 1 | 0.4205
49 | 4 | 1.4705
50 | 3 | 1.8630
51 | 2 | 0.1137
52 | 0 | 0.1169
53 | 4 | 0.0371
54 | 2 | 0.0188
55 | 5 | 0.0071
56 | 4 | 0.0017
57 | 3 | 0.0008
58 | 2 | 0.0002
59 | 1 | 0.0002
60 | 0 | 0.0001
60 | 0 | 0.0001
0 | 4 | 0.4389
1 | 3 | 0.1728
2 | 4 | 0.4739
3 | 4 | 0.3007
4 | 7 | 0.4325
5 | 6 | 0.2789
6 | 9 | 0.4500
7 | 9 | 0.3888
8 | 8 | 0.4829
9 | 8 | 1.4498
10 | 10 | 0.4574
11 | 11 | 0.3455
12 | 9 | 0.4455
13 | 8 | 0.5444
14 | 9 | 0.4323
15 | 9 | 0.4645
16 | 13 | 0.4208
17 | 16 | 1.6204
18 | 14 | 0.4166
19 | 15 | 1.4643
20 | 14 | 0.4236
21 | 12 | 0.7295
22 | 13 | 0.4175
23 | 14 | 1.0739
24 | 13 | 0.4417
25 | 14 | 1.1162
26 | 17 | 0.4389
27 | 13 | 0.5377
28 | 14 | 0.4463
29 | 14 | 0.7557
30 | 10 | 0.4331
31 | 14 | 1.1613
32 | 13 | 0.4192
33 | 15 | 0.8626
34 | 15 | 0.4272
35 | 14 | 0.5101
36 | 13 | 0.4691
37 | 14 | 0.4098
38 | 15 | 0.4399
39 | 15 | 0.4022
40 | 13 | 0.4382
41 | 12 | 0.4999
42 | 11 | 0.4581
43 | 11 | 0.1871
44 | 10 | 0.4322
45 | 10 | 0.1225
46 | 8 | 0.4363
47 | 8 | 0.0926
48 | 8 | 0.4122
49 | 7 | 1.8417
50 | 6 | 0.4985
51 | 6 | 0.2009
52 | 3 | 0.0717
53 | 5 | 0.0226
54 | 4 | 0.0086
55 | 4 | 0.0026
56 | 3 | 0.0012
57 | 3 | 0.0008
58 | 2 | 0.0002
59 | 1 | 0.0002
60 | 0 | 0.0001
60 | 0 | 0.0001
