-------------------
INSTANCE ATTRIBUTES
-------------------
NAME: Ai27B.ocarp
VEHICLES: 7
CAPACITY: 25
NODES: 27
EDGES: 43
REQUIRED_EDGES: 35
<NODE1> <NODE2> <REQ> <COST> <DEMAND>
26 27 1 5.00 2.00
25 27 1 4.00 4.00
24 25 1 3.00 6.00
23 24 1 5.00 4.00
23 26 0 6.00 0.00
22 23 1 6.00 6.00
22 24 1 4.00 1.00
21 22 1 5.00 2.00
20 22 1 6.00 4.00
19 23 1 10.00 3.00
19 20 1 6.00 5.00
18 20 1 4.00 7.00
18 21 1 4.00 9.00
17 18 1 3.00 7.00
17 21 1 4.00 5.00
16 19 1 11.00 4.00
16 18 1 4.00 3.00
15 17 0 5.00 0.00
14 15 1 2.00 1.00
13 14 1 6.00 6.00
12 11 1 5.00 9.00
12 13 1 6.00 1.00
11 25 1 6.00 1.00
10 26 1 7.00 6.00
10 27 1 3.00 3.00
10 11 0 6.00 0.00
9 10 1 5.00 3.00
8 12 1 5.00 5.00
7 14 0 7.00 0.00
6 7 1 5.00 5.00
5 6 0 3.00 0.00
5 8 1 5.00 6.00
4 7 1 6.00 1.00
4 6 1 5.00 1.00
3 4 1 6.00 3.00
3 5 0 4.00 0.00
3 9 1 12.00 6.00
2 3 1 3.00 2.00
1 21 1 3.00 4.00
1 17 0 6.00 0.00
1 13 1 6.00 3.00
1 22 0 5.00 0.00
1 11 1 8.00 2.00



-------------------
SOLUTION ATTRIBUTES
-------------------
PATH_REQUIRED_ARCS <no.> <cost> <remaining capacity> <# req. arcs>: <reqArc 1-start>-<reqArc 1-end> <reqArc 2-start>-<reqArc 2-end> ... <reqArc k-start>-<reqArc k-end>
PATH 1 45.0 4.0 7: 10-9 9-3 3-2 3-4 4-7 7-6 6-4 
PATH 2 30.0 8.0 5: 5-8 8-12 12-13 13-1 1-11 
PATH 3 30.0 0.0 6: 12-11 11-25 25-27 27-26 26-10 10-27 
PATH 4 34.0 2.0 6: 25-24 24-22 22-20 20-19 19-23 23-24 
PATH 5 30.0 1.0 5: 23-22 22-21 21-18 18-16 16-19 
PATH 6 14.0 2.0 4: 20-18 18-17 17-21 21-1 
PATH 7 8.0 18.0 2: 13-14 14-15 
(Note: subsequent required arcs are traversed through their shortest paths)

TOTAL_COST = 191.0

