-------------------
INSTANCE ATTRIBUTES
-------------------
NAME: Ai40A.ocarp
VEHICLES: 26
CAPACITY: 13
NODES: 40
EDGES: 69
REQUIRED_EDGES: 63
<NODE1> <NODE2> <REQ> <COST> <DEMAND>
37 38 1 7.00 5.00
36 38 1 5.00 6.00
36 37 1 5.00 5.00
35 36 0 3.00 0.00
34 35 1 4.00 8.00
33 37 1 4.00 5.00
33 35 0 5.00 0.00
32 33 1 4.00 7.00
30 31 1 4.00 2.00
29 32 1 5.00 8.00
29 30 1 3.00 7.00
27 28 1 4.00 5.00
26 27 1 5.00 7.00
25 26 1 5.00 8.00
24 25 1 4.00 3.00
23 26 1 5.00 5.00
22 23 1 4.00 8.00
22 24 1 5.00 3.00
20 40 1 5.00 8.00
19 20 1 5.00 1.00
18 19 1 3.00 3.00
18 20 1 4.00 3.00
17 39 1 3.00 1.00
17 40 1 5.00 7.00
16 26 1 4.00 3.00
16 28 1 5.00 5.00
15 16 1 4.00 3.00
15 28 1 4.00 4.00
15 29 0 6.00 0.00
14 15 0 2.00 0.00
13 34 1 5.00 1.00
13 14 1 5.00 6.00
13 32 1 6.00 6.00
12 13 1 4.00 1.00
11 23 1 4.00 1.00
11 16 1 5.00 6.00
10 22 1 6.00 4.00
10 21 1 5.00 6.00
9 33 1 6.00 1.00
9 31 1 8.00 9.00
8 40 1 4.00 4.00
8 10 1 4.00 9.00
8 20 1 6.00 7.00
8 11 1 5.00 9.00
8 12 1 4.00 2.00
7 39 0 6.00 0.00
7 17 1 6.00 2.00
7 8 1 5.00 7.00
7 34 1 4.00 8.00
6 15 1 7.00 3.00
6 27 1 7.00 9.00
6 29 1 5.00 5.00
6 31 1 8.00 8.00
5 24 1 5.00 6.00
5 22 1 6.00 8.00
5 21 1 9.00 7.00
4 21 0 5.00 0.00
4 20 1 5.00 1.00
4 19 1 8.00 1.00
3 18 1 5.00 7.00
3 17 1 6.00 7.00
2 38 1 7.00 9.00
2 7 1 9.00 2.00
2 3 1 14.00 1.00
2 35 1 6.00 2.00
1 11 1 3.00 5.00
1 12 1 3.00 8.00
1 13 1 4.00 9.00
1 14 1 5.00 8.00



-------------------
SOLUTION ATTRIBUTES
-------------------
PATH_REQUIRED_ARCS <no.> <cost> <remaining capacity> <# req. arcs>: <reqArc 1-start>-<reqArc 1-end> <reqArc 2-start>-<reqArc 2-end> ... <reqArc k-start>-<reqArc k-end>
PATH 1 12.0 2.0 2: 37-38 38-36 
PATH 2 13.0 2.0 2: 38-2 2-35 
PATH 3 12.0 0.0 2: 34-35 36-37 
PATH 4 13.0 0.0 2: 37-33 32-29 
PATH 5 13.0 0.0 2: 29-6 6-31 
PATH 6 16.0 0.0 2: 13-14 29-30 
PATH 7 18.0 1.0 3: 30-31 31-9 9-33 
PATH 8 10.0 0.0 2: 33-32 32-13 
PATH 9 14.0 1.0 2: 15-6 6-27 
PATH 10 9.0 2.0 2: 26-25 25-24 
PATH 11 14.0 0.0 2: 24-5 5-21 
PATH 12 15.0 0.0 2: 21-10 8-20 
PATH 13 9.0 2.0 2: 40-20 20-18 
PATH 14 26.0 0.0 5: 19-20 20-4 4-19 19-18 18-3 
PATH 15 38.0 0.0 5: 39-17 17-7 7-2 2-3 3-17 
PATH 16 13.0 0.0 3: 17-40 40-8 8-12 
PATH 17 16.0 0.0 2: 1-14 28-16 
PATH 18 15.0 0.0 2: 16-11 8-7 
PATH 19 20.0 0.0 3: 7-34 34-13 15-28 
PATH 20 9.0 1.0 2: 28-27 27-26 
PATH 21 9.0 0.0 2: 26-23 23-22 
PATH 22 10.0 0.0 2: 22-10 10-8 
PATH 23 18.0 0.0 3: 8-11 11-23 26-16 
PATH 24 19.0 0.0 3: 16-15 1-13 13-12 
PATH 25 6.0 0.0 2: 12-1 1-11 
PATH 26 11.0 2.0 2: 24-22 22-5 
(Note: subsequent required arcs are traversed through their shortest paths)

TOTAL_COST = 378.0

