-------------------
INSTANCE ATTRIBUTES
-------------------
NAME: Bi27D.ocarp
VEHICLES: 7
CAPACITY: 75
NODES: 27
EDGES: 43
REQUIRED_EDGES: 33
<NODE1> <NODE2> <REQ> <COST> <DEMAND>
26 27 0 5.00 0.00
25 27 1 4.00 12.00
24 25 0 3.00 0.00
23 24 1 5.00 5.00
23 26 1 6.00 24.00
22 23 1 6.00 12.00
22 24 1 4.00 7.00
21 22 0 5.00 0.00
20 22 1 6.00 15.00
19 23 1 10.00 18.00
19 20 1 6.00 16.00
18 20 1 4.00 6.00
18 21 0 4.00 0.00
17 18 1 3.00 8.00
17 21 0 4.00 0.00
16 19 1 11.00 20.00
16 18 1 4.00 3.00
15 17 1 5.00 15.00
14 15 1 2.00 4.00
13 14 0 6.00 0.00
12 11 1 5.00 15.00
12 13 1 6.00 17.00
11 25 0 6.00 0.00
10 26 1 7.00 19.00
10 27 1 3.00 6.00
10 11 0 6.00 0.00
9 10 1 5.00 20.00
8 12 1 5.00 4.00
7 14 1 7.00 25.00
6 7 1 5.00 20.00
5 6 0 3.00 0.00
5 8 1 5.00 8.00
4 7 1 6.00 5.00
4 6 1 5.00 12.00
3 4 1 6.00 17.00
3 5 1 4.00 3.00
3 9 1 12.00 3.00
2 3 1 3.00 1.00
1 21 0 3.00 0.00
1 17 1 6.00 20.00
1 13 1 6.00 5.00
1 22 1 5.00 5.00
1 11 1 8.00 7.00



-------------------
SOLUTION ATTRIBUTES
-------------------
PATH_REQUIRED_ARCS <no.> <cost> <remaining capacity> <# req. arcs>: <reqArc 1-start>-<reqArc 1-end> <reqArc 2-start>-<reqArc 2-end> ... <reqArc k-start>-<reqArc k-end>
PATH 1 6.0 59.0 1: 19-20 
PATH 2 36.0 5.0 7: 18-20 20-22 22-23 23-24 24-22 22-1 1-17 
PATH 3 12.0 37.0 3: 25-27 27-10 10-9 
PATH 4 34.0 18.0 5: 9-3 3-4 4-7 7-6 6-4 
PATH 5 32.0 0.0 6: 7-14 14-15 15-17 17-18 18-16 16-19 
PATH 6 23.0 14.0 3: 19-23 23-26 26-10 
PATH 7 42.0 15.0 8: 12-13 13-1 1-11 11-12 12-8 8-5 5-3 3-2 
(Note: subsequent required arcs are traversed through their shortest paths)

TOTAL_COST = 185.0

