-------------------
INSTANCE ATTRIBUTES
-------------------
NAME: egl-e3-C.ocarp
VEHICLES: 17
CAPACITY: 135
NODES: 77
EDGES: 98
REQUIRED_EDGES: 87
<NODE1> <NODE2> <REQ> <COST> <DEMAND>
76 77 1 35.00 35.00
73 74 1 25.00 25.00
72 73 1 5.00 5.00
71 73 1 5.00 5.00
71 72 1 6.00 6.00
70 71 1 56.00 56.00
66 68 1 45.00 45.00
63 65 1 21.00 21.00
63 64 1 9.00 9.00
62 67 0 31.00 0.00
62 66 1 16.00 16.00
62 63 1 30.00 30.00
60 67 0 29.00 0.00
60 62 1 23.00 23.00
60 61 1 39.00 39.00
59 69 1 11.00 11.00
58 69 1 32.00 32.00
58 60 1 33.00 33.00
58 59 1 25.00 25.00
57 58 1 78.00 78.00
56 67 0 36.00 0.00
55 56 1 6.00 6.00
52 54 1 4.00 4.00
52 53 1 4.00 4.00
51 53 1 4.00 4.00
50 52 1 2.00 2.00
49 51 1 10.00 10.00
49 50 1 8.00 8.00
47 49 1 9.00 9.00
47 48 1 10.00 10.00
46 47 1 33.00 33.00
45 46 1 12.00 12.00
44 59 1 28.00 28.00
44 46 1 13.00 13.00
44 45 1 12.00 12.00
43 44 1 78.00 78.00
42 56 0 26.00 0.00
42 43 0 11.00 0.00
42 57 1 14.00 14.00
41 42 0 18.00 0.00
40 41 0 9.00 0.00
39 40 1 5.00 5.00
37 39 1 21.00 21.00
37 38 1 8.00 8.00
35 41 1 15.00 15.00
35 39 1 7.00 7.00
33 37 1 75.00 75.00
33 36 1 27.00 27.00
32 35 1 86.00 86.00
32 34 1 43.00 43.00
32 33 1 30.00 30.00
31 32 1 58.00 58.00
30 31 1 14.00 14.00
28 29 1 16.00 16.00
26 28 1 18.00 18.00
26 27 1 15.00 15.00
25 29 1 27.00 27.00
25 26 1 17.00 17.00
25 75 1 16.00 16.00
24 53 1 24.00 24.00
24 25 1 27.00 27.00
23 75 1 17.00 17.00
23 31 1 40.00 40.00
23 26 1 12.00 12.00
22 24 1 4.00 4.00
22 75 1 24.00 24.00
21 51 1 2.00 2.00
21 22 1 17.00 17.00
20 76 1 8.00 8.00
19 50 1 30.00 30.00
19 21 1 38.00 38.00
19 20 1 32.00 32.00
18 72 1 92.00 92.00
18 20 1 21.00 21.00
18 19 1 41.00 41.00
15 77 1 13.00 13.00
15 18 1 38.00 38.00
15 17 1 26.00 26.00
14 15 0 7.00 0.00
13 77 1 12.00 12.00
13 14 1 7.00 7.00
13 16 1 13.00 13.00
12 76 0 7.00 0.00
12 16 1 29.00 29.00
11 48 0 79.00 0.00
11 59 1 78.00 78.00
11 12 1 32.00 32.00
10 11 0 12.00 0.00
9 10 1 20.00 20.00
8 9 1 26.00 26.00
7 8 1 18.00 18.00
5 7 1 6.00 6.00
5 6 1 8.00 8.00
4 69 1 75.00 75.00
4 5 1 56.00 56.00
2 4 1 17.00 17.00
2 3 1 14.00 14.00
1 2 1 32.00 32.00



-------------------
SOLUTION ATTRIBUTES
-------------------
PATH_REQUIRED_ARCS <no.> <cost> <remaining capacity> <# req. arcs>: <reqArc 1-start>-<reqArc 1-end> <reqArc 2-start>-<reqArc 2-end> ... <reqArc k-start>-<reqArc k-end>
PATH 1 129.0 6.0 2: 35-32 32-34 
PATH 2 129.0 6.0 6: 75-25 25-29 29-28 28-26 26-23 23-31 
PATH 3 129.0 6.0 4: 30-31 31-32 32-33 33-36 
PATH 4 144.0 4.0 6: 33-37 38-37 37-39 40-39 39-35 35-41 
PATH 5 130.0 14.0 5: 68-66 66-62 62-63 63-64 63-65 
PATH 6 154.0 4.0 5: 61-60 62-60 60-58 58-59 59-69 
PATH 7 156.0 5.0 4: 69-58 58-57 57-42 56-55 
PATH 8 135.0 0.0 4: 43-44 44-45 45-46 46-47 
PATH 9 152.0 1.0 12: 48-47 47-49 49-50 50-52 52-53 53-51 51-49 52-54 53-24 24-25 25-26 26-27 
PATH 10 140.0 1.0 7: 23-75 75-22 24-22 22-21 51-21 21-19 19-20 
PATH 11 135.0 0.0 5: 77-76 76-20 20-18 18-19 19-50 
PATH 12 144.0 2.0 4: 46-44 44-59 69-4 4-2 
PATH 13 173.0 1.0 6: 1-2 2-3 4-5 5-6 5-7 7-8 
PATH 14 136.0 11.0 3: 8-9 9-10 11-59 
PATH 15 139.0 3.0 7: 11-12 12-16 16-13 14-13 13-77 77-15 15-17 
PATH 16 130.0 5.0 2: 15-18 18-72 
PATH 17 102.0 38.0 5: 74-73 71-72 72-73 73-71 71-70 
(Note: subsequent required arcs are traversed through their shortest paths)

TOTAL_COST = 2357.0

