-------------------
INSTANCE ATTRIBUTES
-------------------
NAME: gdb9.ocarp
VEHICLES: 11
CAPACITY: 27
NODES: 27
EDGES: 51
REQUIRED_EDGES: 51
<NODE1> <NODE2> <REQ> <COST> <DEMAND>
26 27 1 3.00 8.00
25 26 1 4.00 1.00
24 27 1 5.00 9.00
23 26 1 3.00 2.00
23 24 1 5.00 9.00
22 25 1 3.00 4.00
22 23 1 1.00 6.00
21 25 1 8.00 4.00
21 23 1 7.00 6.00
21 22 1 8.00 2.00
20 21 1 1.00 8.00
18 25 1 3.00 7.00
18 21 1 2.00 9.00
16 17 1 9.00 1.00
15 20 1 8.00 2.00
15 17 1 3.00 7.00
14 21 1 5.00 5.00
14 20 1 5.00 5.00
14 18 1 2.00 9.00
14 16 1 9.00 3.00
13 15 1 4.00 7.00
13 14 1 4.00 1.00
12 19 1 2.00 1.00
12 13 1 4.00 2.00
10 11 1 5.00 5.00
8 27 1 1.00 2.00
8 24 1 2.00 3.00
8 9 1 6.00 5.00
7 11 1 6.00 7.00
6 10 1 2.00 8.00
6 9 1 6.00 9.00
6 8 1 6.00 4.00
6 7 1 3.00 1.00
5 9 1 3.00 3.00
5 6 1 2.00 9.00
4 19 1 3.00 1.00
4 12 1 1.00 2.00
4 10 1 1.00 4.00
4 6 1 7.00 9.00
4 5 1 2.00 9.00
3 8 1 6.00 8.00
3 6 1 4.00 3.00
3 4 1 7.00 4.00
2 12 1 1.00 9.00
2 1 1 3.00 2.00
1 27 1 7.00 4.00
1 24 1 6.00 1.00
1 19 1 1.00 7.00
1 17 1 5.00 8.00
1 15 1 8.00 5.00
1 3 1 7.00 8.00



-------------------
SOLUTION ATTRIBUTES
-------------------
PATH_REQUIRED_ARCS <no.> <cost> <remaining capacity> <# req. arcs>: <reqArc 1-start>-<reqArc 1-end> <reqArc 2-start>-<reqArc 2-end> ... <reqArc k-start>-<reqArc k-end>
PATH 1 13.0 2.0 4: 22-25 25-18 18-14 14-20 
PATH 2 18.0 3.0 3: 17-1 1-3 3-8 
PATH 3 22.0 2.0 5: 8-24 24-27 27-26 26-25 25-21 
PATH 4 21.0 2.0 5: 21-22 22-23 23-24 24-1 1-19 
PATH 5 18.0 14.0 4: 1-27 27-8 8-6 6-3 
PATH 6 28.0 2.0 8: 3-4 4-19 19-12 12-4 4-10 10-11 11-7 7-6 
PATH 7 13.0 2.0 4: 10-6 6-5 5-9 9-8 
PATH 8 12.0 10.0 3: 26-23 23-21 21-18 
PATH 9 31.0 1.0 6: 14-13 13-15 15-20 20-21 21-14 14-16 
PATH 10 28.0 1.0 6: 16-17 17-15 15-1 1-2 2-12 12-13 
PATH 11 15.0 0.0 3: 5-4 4-6 6-9 
(Note: subsequent required arcs are traversed through their shortest paths)

TOTAL_COST = 219.0

