-------------------
INSTANCE ATTRIBUTES
-------------------
NAME: Ai27A.ocarp
VEHICLES: 12
CAPACITY: 14
NODES: 27
EDGES: 43
REQUIRED_EDGES: 35
<NODE1> <NODE2> <REQ> <COST> <DEMAND>
26 27 1 5.00 2.00
25 27 1 4.00 4.00
24 25 1 3.00 6.00
23 24 1 5.00 4.00
23 26 0 6.00 0.00
22 23 1 6.00 6.00
22 24 1 4.00 1.00
21 22 1 5.00 2.00
20 22 1 6.00 4.00
19 23 1 10.00 3.00
19 20 1 6.00 5.00
18 20 1 4.00 7.00
18 21 1 4.00 9.00
17 18 1 3.00 7.00
17 21 1 4.00 5.00
16 19 1 11.00 4.00
16 18 1 4.00 3.00
15 17 0 5.00 0.00
14 15 1 2.00 1.00
13 14 1 6.00 6.00
12 11 1 5.00 9.00
12 13 1 6.00 1.00
11 25 1 6.00 1.00
10 26 1 7.00 6.00
10 27 1 3.00 3.00
10 11 0 6.00 0.00
9 10 1 5.00 3.00
8 12 1 5.00 5.00
7 14 0 7.00 0.00
6 7 1 5.00 5.00
5 6 0 3.00 0.00
5 8 1 5.00 6.00
4 7 1 6.00 1.00
4 6 1 5.00 1.00
3 4 1 6.00 3.00
3 5 0 4.00 0.00
3 9 1 12.00 6.00
2 3 1 3.00 2.00
1 21 1 3.00 4.00
1 17 0 6.00 0.00
1 13 1 6.00 3.00
1 22 0 5.00 0.00
1 11 1 8.00 2.00



-------------------
SOLUTION ATTRIBUTES
-------------------
PATH_REQUIRED_ARCS <no.> <cost> <remaining capacity> <# req. arcs>: <reqArc 1-start>-<reqArc 1-end> <reqArc 2-start>-<reqArc 2-end> ... <reqArc k-start>-<reqArc k-end>
PATH 1 10.0 7.0 2: 23-22 22-24 
PATH 2 18.0 1.0 3: 25-24 24-23 23-19 
PATH 3 8.0 4.0 2: 20-18 18-16 
PATH 4 23.0 1.0 3: 16-19 19-20 20-22 
PATH 5 12.0 0.0 3: 22-21 21-17 17-18 
PATH 6 7.0 1.0 2: 18-21 21-1 
PATH 7 19.0 0.0 3: 13-1 1-11 11-12 
PATH 8 10.0 3.0 2: 12-8 8-5 
PATH 9 20.0 2.0 3: 3-9 9-10 10-27 
PATH 10 22.0 1.0 4: 10-26 26-27 27-25 25-11 
PATH 11 14.0 6.0 3: 12-13 13-14 14-15 
PATH 12 25.0 2.0 5: 4-6 6-7 7-4 4-3 3-2 
(Note: subsequent required arcs are traversed through their shortest paths)

TOTAL_COST = 188.0

