-------------------
INSTANCE ATTRIBUTES
-------------------
NAME: Ai27B.ocarp
VEHICLES: 8
CAPACITY: 25
NODES: 27
EDGES: 43
REQUIRED_EDGES: 35
<NODE1> <NODE2> <REQ> <COST> <DEMAND>
26 27 1 5.00 2.00
25 27 1 4.00 4.00
24 25 1 3.00 6.00
23 24 1 5.00 4.00
23 26 0 6.00 0.00
22 23 1 6.00 6.00
22 24 1 4.00 1.00
21 22 1 5.00 2.00
20 22 1 6.00 4.00
19 23 1 10.00 3.00
19 20 1 6.00 5.00
18 20 1 4.00 7.00
18 21 1 4.00 9.00
17 18 1 3.00 7.00
17 21 1 4.00 5.00
16 19 1 11.00 4.00
16 18 1 4.00 3.00
15 17 0 5.00 0.00
14 15 1 2.00 1.00
13 14 1 6.00 6.00
12 11 1 5.00 9.00
12 13 1 6.00 1.00
11 25 1 6.00 1.00
10 26 1 7.00 6.00
10 27 1 3.00 3.00
10 11 0 6.00 0.00
9 10 1 5.00 3.00
8 12 1 5.00 5.00
7 14 0 7.00 0.00
6 7 1 5.00 5.00
5 6 0 3.00 0.00
5 8 1 5.00 6.00
4 7 1 6.00 1.00
4 6 1 5.00 1.00
3 4 1 6.00 3.00
3 5 0 4.00 0.00
3 9 1 12.00 6.00
2 3 1 3.00 2.00
1 21 1 3.00 4.00
1 17 0 6.00 0.00
1 13 1 6.00 3.00
1 22 0 5.00 0.00
1 11 1 8.00 2.00



-------------------
SOLUTION ATTRIBUTES
-------------------
PATH_REQUIRED_ARCS <no.> <cost> <remaining capacity> <# req. arcs>: <reqArc 1-start>-<reqArc 1-end> <reqArc 2-start>-<reqArc 2-end> ... <reqArc k-start>-<reqArc k-end>
PATH 1 24.0 6.0 5: 15-14 14-13 13-12 12-8 8-5 
PATH 2 3.0 23.0 1: 2-3 
PATH 3 39.0 6.0 6: 4-7 7-6 6-4 4-3 3-9 9-10 
PATH 4 25.0 9.0 5: 27-10 10-26 26-27 27-25 25-11 
PATH 5 19.0 11.0 3: 12-11 11-1 1-13 
PATH 6 14.0 2.0 4: 1-21 21-17 17-18 18-20 
PATH 7 30.0 1.0 5: 19-16 16-18 18-21 21-22 22-23 
PATH 8 34.0 2.0 6: 24-22 22-20 20-19 19-23 23-24 24-25 
(Note: subsequent required arcs are traversed through their shortest paths)

TOTAL_COST = 188.0

