-------------------
INSTANCE ATTRIBUTES
-------------------
NAME: Ai31B.ocarp
VEHICLES: 13
CAPACITY: 25
NODES: 31
EDGES: 52
REQUIRED_EDGES: 52
<NODE1> <NODE2> <REQ> <COST> <DEMAND>
30 31 1 8.00 9.00
28 29 1 5.00 6.00
26 27 1 5.00 5.00
25 27 1 4.00 6.00
24 25 1 3.00 5.00
23 24 1 5.00 9.00
23 26 1 6.00 7.00
22 23 1 6.00 1.00
22 24 1 4.00 7.00
21 22 1 5.00 9.00
20 22 1 6.00 9.00
19 23 1 10.00 4.00
19 20 1 6.00 1.00
18 20 1 4.00 1.00
18 21 1 4.00 3.00
17 18 1 3.00 3.00
17 21 1 4.00 3.00
16 30 1 3.00 4.00
16 19 1 11.00 1.00
16 18 1 4.00 4.00
15 30 1 4.00 2.00
15 17 1 5.00 3.00
14 31 1 5.00 8.00
14 15 1 2.00 4.00
13 14 1 6.00 7.00
12 11 1 5.00 8.00
12 13 1 6.00 7.00
11 25 1 6.00 8.00
10 28 1 3.00 6.00
10 29 1 3.00 1.00
10 26 1 7.00 3.00
10 27 1 3.00 8.00
10 11 1 6.00 1.00
9 29 1 4.00 4.00
9 10 1 5.00 4.00
8 12 1 5.00 6.00
7 31 1 6.00 6.00
7 14 1 7.00 7.00
6 7 1 5.00 6.00
5 6 1 3.00 5.00
5 8 1 5.00 5.00
4 7 1 6.00 6.00
4 6 1 5.00 2.00
3 4 1 6.00 7.00
3 5 1 4.00 3.00
3 9 1 12.00 4.00
2 3 1 3.00 4.00
1 21 1 3.00 3.00
1 17 1 6.00 6.00
1 13 1 6.00 8.00
1 22 1 5.00 9.00
1 11 1 8.00 6.00



-------------------
SOLUTION ATTRIBUTES
-------------------
PATH_REQUIRED_ARCS <no.> <cost> <remaining capacity> <# req. arcs>: <reqArc 1-start>-<reqArc 1-end> <reqArc 2-start>-<reqArc 2-end> ... <reqArc k-start>-<reqArc k-end>
PATH 1 24.0 2.0 5: 24-23 23-22 22-21 21-18 18-20 
PATH 2 30.0 3.0 5: 19-16 16-18 18-17 17-1 1-13 
PATH 3 18.0 5.0 4: 12-13 13-14 14-15 15-30 
PATH 4 11.0 12.0 2: 16-30 30-31 
PATH 5 18.0 4.0 3: 14-31 31-7 7-14 
PATH 6 21.0 0.0 5: 15-17 17-21 21-1 1-22 22-24 
PATH 7 15.0 2.0 4: 24-25 25-27 27-10 10-9 
PATH 8 34.0 0.0 5: 9-3 3-4 4-7 7-6 6-4 
PATH 9 10.0 13.0 3: 2-3 3-5 5-6 
PATH 10 28.0 0.0 6: 5-8 8-12 12-11 11-10 10-29 29-9 
PATH 11 20.0 5.0 4: 29-28 28-10 10-26 26-27 
PATH 12 14.0 11.0 2: 25-11 11-1 
PATH 13 28.0 4.0 4: 22-20 20-19 19-23 23-26 
(Note: subsequent required arcs are traversed through their shortest paths)

TOTAL_COST = 271.0

