-------------------
INSTANCE ATTRIBUTES
-------------------
NAME: Ai40B.ocarp
VEHICLES: 15
CAPACITY: 25
NODES: 40
EDGES: 69
REQUIRED_EDGES: 63
<NODE1> <NODE2> <REQ> <COST> <DEMAND>
37 38 1 7.00 5.00
36 38 1 5.00 6.00
36 37 1 5.00 5.00
35 36 0 3.00 0.00
34 35 1 4.00 8.00
33 37 1 4.00 5.00
33 35 0 5.00 0.00
32 33 1 4.00 7.00
30 31 1 4.00 2.00
29 32 1 5.00 8.00
29 30 1 3.00 7.00
27 28 1 4.00 5.00
26 27 1 5.00 7.00
25 26 1 5.00 8.00
24 25 1 4.00 3.00
23 26 1 5.00 5.00
22 23 1 4.00 8.00
22 24 1 5.00 3.00
20 40 1 5.00 8.00
19 20 1 5.00 1.00
18 19 1 3.00 3.00
18 20 1 4.00 3.00
17 39 1 3.00 1.00
17 40 1 5.00 7.00
16 26 1 4.00 3.00
16 28 1 5.00 5.00
15 16 1 4.00 3.00
15 28 1 4.00 4.00
15 29 0 6.00 0.00
14 15 0 2.00 0.00
13 34 1 5.00 1.00
13 14 1 5.00 6.00
13 32 1 6.00 6.00
12 13 1 4.00 1.00
11 23 1 4.00 1.00
11 16 1 5.00 6.00
10 22 1 6.00 4.00
10 21 1 5.00 6.00
9 33 1 6.00 1.00
9 31 1 8.00 9.00
8 40 1 4.00 4.00
8 10 1 4.00 9.00
8 20 1 6.00 7.00
8 11 1 5.00 9.00
8 12 1 4.00 2.00
7 39 0 6.00 0.00
7 17 1 6.00 2.00
7 8 1 5.00 7.00
7 34 1 4.00 8.00
6 15 1 7.00 3.00
6 27 1 7.00 9.00
6 29 1 5.00 5.00
6 31 1 8.00 8.00
5 24 1 5.00 6.00
5 22 1 6.00 8.00
5 21 1 9.00 7.00
4 21 0 5.00 0.00
4 20 1 5.00 1.00
4 19 1 8.00 1.00
3 18 1 5.00 7.00
3 17 1 6.00 7.00
2 38 1 7.00 9.00
2 7 1 9.00 2.00
2 3 1 14.00 1.00
2 35 1 6.00 2.00
1 11 1 3.00 5.00
1 12 1 3.00 8.00
1 13 1 4.00 9.00
1 14 1 5.00 8.00



-------------------
SOLUTION ATTRIBUTES
-------------------
PATH_REQUIRED_ARCS <no.> <cost> <remaining capacity> <# req. arcs>: <reqArc 1-start>-<reqArc 1-end> <reqArc 2-start>-<reqArc 2-end> ... <reqArc k-start>-<reqArc k-end>
PATH 1 23.0 0.0 4: 31-9 9-33 33-32 32-29 
PATH 2 19.0 1.0 4: 27-26 26-25 25-24 24-5 
PATH 3 26.0 0.0 4: 5-22 22-10 10-21 21-5 
PATH 4 23.0 1.0 5: 24-22 22-23 23-26 26-16 16-28 
PATH 5 15.0 10.0 3: 15-6 6-29 29-30 
PATH 6 23.0 1.0 4: 30-31 31-6 6-27 27-28 
PATH 7 18.0 3.0 4: 28-15 15-16 16-11 11-8 
PATH 8 36.0 1.0 7: 8-12 12-13 13-34 34-35 35-2 2-7 7-34 
PATH 9 13.0 3.0 3: 13-14 14-1 1-12 
PATH 10 17.0 4.0 4: 23-11 11-1 1-13 13-32 
PATH 11 21.0 4.0 4: 33-37 37-38 38-36 36-37 
PATH 12 46.0 0.0 7: 38-2 2-3 3-18 18-20 20-4 4-19 19-18 
PATH 13 11.0 11.0 2: 3-17 17-40 
PATH 14 18.0 6.0 4: 39-17 17-7 7-8 8-10 
PATH 15 20.0 5.0 4: 20-40 40-8 8-20 20-19 
(Note: subsequent required arcs are traversed through their shortest paths)

TOTAL_COST = 329.0

