-------------------
INSTANCE ATTRIBUTES
-------------------
NAME: Bi31D.ocarp
VEHICLES: 9
CAPACITY: 75
NODES: 31
EDGES: 52
REQUIRED_EDGES: 42
<NODE1> <NODE2> <REQ> <COST> <DEMAND>
30 31 1 8.00 23.00
28 29 1 5.00 8.00
26 27 0 5.00 0.00
25 27 1 4.00 9.00
24 25 1 3.00 4.00
23 24 1 5.00 10.00
23 26 1 6.00 18.00
22 23 1 6.00 6.00
22 24 1 4.00 7.00
21 22 1 5.00 17.00
20 22 1 6.00 15.00
19 23 1 10.00 19.00
19 20 1 6.00 16.00
18 20 1 4.00 3.00
18 21 1 4.00 4.00
17 18 0 3.00 0.00
17 21 1 4.00 7.00
16 30 0 3.00 0.00
16 19 1 11.00 20.00
16 18 1 4.00 3.00
15 30 0 4.00 0.00
15 17 1 5.00 15.00
14 31 1 5.00 10.00
14 15 1 2.00 4.00
13 14 1 6.00 5.00
12 11 0 5.00 0.00
12 13 1 6.00 11.00
11 25 1 6.00 10.00
10 28 1 3.00 3.00
10 29 1 3.00 6.00
10 26 1 7.00 6.00
10 27 0 3.00 0.00
10 11 1 6.00 5.00
9 29 1 4.00 4.00
9 10 1 5.00 15.00
8 12 1 5.00 16.00
7 31 1 6.00 20.00
7 14 1 7.00 25.00
6 7 1 5.00 20.00
5 6 0 3.00 0.00
5 8 1 51.00 13.00
4 7 1 6.00 5.00
4 6 1 5.00 16.00
3 4 1 6.00 17.00
3 5 1 4.00 9.00
3 9 1 12.00 22.00
2 3 1 3.00 4.00
1 21 0 3.00 0.00
1 17 1 6.00 5.00
1 13 0 6.00 0.00
1 22 1 5.00 10.00
1 11 0 8.00 0.00



-------------------
SOLUTION ATTRIBUTES
-------------------
PATH_REQUIRED_ARCS <no.> <cost> <remaining capacity> <# req. arcs>: <reqArc 1-start>-<reqArc 1-end> <reqArc 2-start>-<reqArc 2-end> ... <reqArc k-start>-<reqArc k-end>
PATH 1 32.0 24.0 7: 25-11 11-10 10-29 29-28 28-10 10-9 9-29 
PATH 2 78.0 4.0 5: 9-3 3-5 5-8 8-12 12-13 
PATH 3 27.0 4.0 5: 13-14 14-31 31-7 7-6 6-4 
PATH 4 29.0 5.0 6: 2-3 3-4 4-7 7-14 14-15 15-17 
PATH 5 19.0 46.0 4: 21-17 17-1 1-22 22-24 
PATH 6 31.0 18.0 5: 22-20 20-19 19-16 16-18 18-20 
PATH 7 22.0 33.0 4: 19-23 23-24 24-25 25-27 
PATH 8 28.0 24.0 5: 10-26 26-23 23-22 22-21 21-18 
PATH 9 8.0 52.0 1: 30-31 
(Note: subsequent required arcs are traversed through their shortest paths)

TOTAL_COST = 274.0

