-------------------
INSTANCE ATTRIBUTES
-------------------
NAME: Bi40B.ocarp
VEHICLES: 23
CAPACITY: 25
NODES: 40
EDGES: 69
REQUIRED_EDGES: 53
<NODE1> <NODE2> <REQ> <COST> <DEMAND>
37 38 0 7.00 0.00
36 38 1 5.00 10.00
36 37 0 5.00 0.00
35 36 1 3.00 4.00
34 35 0 4.00 0.00
33 37 1 4.00 3.00
33 35 1 5.00 4.00
32 33 0 4.00 0.00
30 31 0 4.00 0.00
29 32 1 5.00 5.00
29 30 1 3.00 8.00
27 28 1 4.00 3.00
26 27 0 5.00 0.00
25 26 1 5.00 16.00
24 25 1 4.00 3.00
23 26 1 5.00 8.00
22 23 1 4.00 3.00
22 24 0 5.00 0.00
20 40 1 5.00 8.00
19 20 1 5.00 10.00
18 19 1 3.00 3.00
18 20 1 4.00 16.00
17 39 1 3.00 8.00
17 40 1 5.00 12.00
16 26 1 4.00 10.00
16 28 0 5.00 0.00
15 16 1 4.00 3.00
15 28 1 4.00 12.00
15 29 1 6.00 10.00
14 15 1 2.00 4.00
13 34 1 5.00 16.00
13 14 1 5.00 4.00
13 32 0 6.00 0.00
12 13 1 4.00 16.00
11 23 0 4.00 0.00
11 16 1 5.00 10.00
10 22 1 6.00 24.00
10 21 1 5.00 20.00
9 33 0 6.00 0.00
9 31 1 8.00 16.00
8 40 1 4.00 12.00
8 10 1 4.00 7.00
8 20 1 6.00 5.00
8 11 1 5.00 4.00
8 12 1 4.00 6.00
7 39 1 6.00 21.00
7 17 1 6.00 5.00
7 8 1 5.00 15.00
7 34 1 4.00 8.00
6 15 1 7.00 6.00
6 27 0 7.00 0.00
6 29 1 5.00 15.00
6 31 0 8.00 0.00
5 24 1 5.00 4.00
5 22 1 6.00 11.00
5 21 1 9.00 8.00
4 21 1 5.00 10.00
4 20 1 5.00 10.00
4 19 0 8.00 0.00
3 18 1 5.00 5.00
3 17 0 6.00 0.00
2 38 1 7.00 21.00
2 7 1 9.00 25.00
2 3 1 14.00 13.00
2 35 1 6.00 5.00
1 11 1 3.00 2.00
1 12 1 3.00 8.00
1 13 1 4.00 10.00
1 14 0 5.00 0.00



-------------------
SOLUTION ATTRIBUTES
-------------------
PATH_REQUIRED_ARCS <no.> <cost> <remaining capacity> <# req. arcs>: <reqArc 1-start>-<reqArc 1-end> <reqArc 2-start>-<reqArc 2-end> ... <reqArc k-start>-<reqArc k-end>
PATH 1 16.0 0.0 4: 15-16 16-11 11-1 1-13 
PATH 2 15.0 2.0 4: 13-14 14-15 15-28 28-27 
PATH 3 14.0 2.0 3: 26-25 25-24 24-5 
PATH 4 15.0 6.0 2: 22-5 5-21 
PATH 5 5.0 5.0 1: 21-10 
PATH 6 10.0 5.0 2: 21-4 4-20 
PATH 7 9.0 1.0 2: 18-20 20-40 
PATH 8 16.0 1.0 3: 17-7 7-8 8-11 
PATH 9 13.0 4.0 3: 16-26 26-23 23-22 
PATH 10 6.0 1.0 1: 22-10 
PATH 11 18.0 0.0 4: 10-8 8-20 20-19 19-18 
PATH 12 25.0 2.0 3: 18-3 3-2 2-35 
PATH 13 6.0 4.0 1: 39-7 
PATH 14 9.0 1.0 2: 7-34 34-13 
PATH 15 7.0 1.0 2: 13-12 12-1 
PATH 16 8.0 7.0 2: 12-8 8-40 
PATH 17 8.0 5.0 2: 40-17 17-39 
PATH 18 9.0 0.0 1: 7-2 
PATH 19 7.0 4.0 1: 2-38 
PATH 20 17.0 4.0 4: 38-36 36-35 35-33 33-37 
PATH 21 10.0 5.0 2: 32-29 29-6 
PATH 22 16.0 1.0 3: 6-15 15-29 29-30 
PATH 23 8.0 9.0 1: 31-9 
(Note: subsequent required arcs are traversed through their shortest paths)

TOTAL_COST = 267.0

