-------------------
INSTANCE ATTRIBUTES
-------------------
NAME: egl-e1-C.ocarp
VEHICLES: 12
CAPACITY: 160
NODES: 77
EDGES: 98
REQUIRED_EDGES: 51
<NODE1> <NODE2> <REQ> <COST> <DEMAND>
76 77 0 35.00 0.00
73 74 0 25.00 0.00
72 73 0 5.00 0.00
71 73 0 5.00 0.00
71 72 0 6.00 0.00
70 71 0 56.00 0.00
66 68 1 45.00 45.00
63 64 0 9.00 0.00
63 65 1 21.00 21.00
62 67 0 31.00 0.00
62 66 1 16.00 16.00
62 63 1 30.00 30.00
60 67 0 29.00 0.00
60 62 1 23.00 23.00
60 61 1 39.00 39.00
59 69 1 11.00 11.00
58 69 1 32.00 32.00
58 60 1 33.00 33.00
58 59 1 25.00 25.00
57 58 1 78.00 78.00
56 67 0 36.00 0.00
55 56 1 6.00 6.00
52 53 0 4.00 0.00
52 54 1 4.00 4.00
51 53 0 4.00 0.00
50 52 1 2.00 2.00
49 51 1 10.00 10.00
49 50 1 8.00 8.00
47 49 1 9.00 9.00
47 48 1 10.00 10.00
46 47 1 33.00 33.00
45 46 0 12.00 0.00
44 59 1 28.00 28.00
44 46 1 13.00 13.00
44 45 1 12.00 12.00
43 44 1 78.00 78.00
42 56 0 26.00 0.00
42 43 0 11.00 0.00
42 57 1 14.00 14.00
41 42 0 18.00 0.00
40 41 0 9.00 0.00
39 40 0 5.00 0.00
37 39 0 21.00 0.00
37 38 0 8.00 0.00
35 39 0 7.00 0.00
35 41 1 15.00 15.00
33 37 0 75.00 0.00
33 36 0 27.00 0.00
32 35 1 86.00 86.00
32 34 1 43.00 43.00
32 33 1 30.00 30.00
31 32 1 58.00 58.00
30 31 0 14.00 0.00
28 29 0 16.00 0.00
26 28 0 18.00 0.00
26 27 0 15.00 0.00
25 29 0 27.00 0.00
25 26 0 17.00 0.00
25 75 0 16.00 0.00
24 53 0 24.00 0.00
24 25 0 27.00 0.00
23 26 0 12.00 0.00
23 75 1 17.00 17.00
23 31 1 40.00 40.00
22 24 0 4.00 0.00
22 75 1 24.00 24.00
21 51 1 2.00 2.00
21 22 1 17.00 17.00
20 76 1 8.00 8.00
19 50 0 30.00 0.00
19 21 1 38.00 38.00
19 20 1 32.00 32.00
18 72 0 92.00 0.00
18 20 0 21.00 0.00
18 19 1 41.00 41.00
15 77 0 13.00 0.00
15 18 1 38.00 38.00
15 17 1 26.00 26.00
14 15 0 7.00 0.00
13 77 0 12.00 0.00
13 14 1 7.00 7.00
13 16 1 13.00 13.00
12 76 0 7.00 0.00
12 16 1 29.00 29.00
11 48 0 79.00 0.00
11 59 1 78.00 78.00
11 12 1 32.00 32.00
10 11 0 12.00 0.00
9 10 1 20.00 20.00
8 9 0 26.00 0.00
7 8 0 18.00 0.00
5 7 0 6.00 0.00
5 6 0 8.00 0.00
4 69 1 75.00 75.00
4 5 1 56.00 56.00
2 4 1 17.00 17.00
2 3 1 14.00 14.00
1 2 1 32.00 32.00



-------------------
SOLUTION ATTRIBUTES
-------------------
PATH_REQUIRED_ARCS <no.> <cost> <remaining capacity> <# req. arcs>: <reqArc 1-start>-<reqArc 1-end> <reqArc 2-start>-<reqArc 2-end> ... <reqArc k-start>-<reqArc k-end>
PATH 1 112.0 48.0 4: 68-66 66-62 62-63 63-65 
PATH 2 144.0 16.0 3: 41-35 35-32 32-34 
PATH 3 88.0 72.0 2: 33-32 32-31 
PATH 4 160.0 12.0 7: 31-23 23-75 75-22 22-21 51-49 51-21 21-19 
PATH 5 145.0 15.0 5: 76-20 20-19 19-18 18-15 15-17 
PATH 6 113.0 59.0 5: 14-13 13-16 16-12 12-11 10-9 
PATH 7 118.0 42.0 3: 11-59 59-44 44-45 
PATH 8 167.0 3.0 8: 54-52 52-50 50-49 49-47 48-47 47-46 46-44 44-43 
PATH 9 160.0 26.0 5: 55-56 42-57 57-58 58-59 59-69 
PATH 10 62.0 98.0 2: 62-60 60-61 
PATH 11 140.0 20.0 3: 60-58 58-69 69-4 
PATH 12 133.0 41.0 4: 1-2 3-2 2-4 4-5 
(Note: subsequent required arcs are traversed through their shortest paths)

TOTAL_COST = 1542.0

