-------------------
INSTANCE ATTRIBUTES
-------------------
NAME: egl-e4-B.ocarp
VEHICLES: 16
CAPACITY: 180
NODES: 77
EDGES: 98
REQUIRED_EDGES: 98
<NODE1> <NODE2> <REQ> <COST> <DEMAND>
76 77 1 35.00 35.00
73 74 1 25.00 25.00
72 73 1 5.00 5.00
71 73 1 5.00 5.00
71 72 1 6.00 6.00
70 71 1 56.00 56.00
66 68 1 45.00 45.00
63 65 1 21.00 21.00
63 64 1 9.00 9.00
62 67 1 31.00 31.00
62 66 1 16.00 16.00
62 63 1 30.00 30.00
60 67 1 29.00 29.00
60 62 1 23.00 23.00
60 61 1 39.00 39.00
59 69 1 11.00 11.00
58 69 1 32.00 32.00
58 60 1 33.00 33.00
58 59 1 25.00 25.00
57 58 1 78.00 78.00
56 67 1 36.00 36.00
55 56 1 6.00 6.00
52 54 1 4.00 4.00
52 53 1 4.00 4.00
51 53 1 4.00 4.00
50 52 1 2.00 2.00
49 51 1 10.00 10.00
49 50 1 8.00 8.00
47 49 1 9.00 9.00
47 48 1 10.00 10.00
46 47 1 33.00 33.00
45 46 1 12.00 12.00
44 59 1 28.00 28.00
44 46 1 13.00 13.00
44 45 1 12.00 12.00
43 44 1 78.00 78.00
42 57 1 14.00 14.00
42 56 1 26.00 26.00
42 43 1 11.00 11.00
41 42 1 18.00 18.00
40 41 1 9.00 9.00
39 40 1 5.00 5.00
37 39 1 21.00 21.00
37 38 1 8.00 8.00
35 41 1 15.00 15.00
35 39 1 7.00 7.00
33 37 1 75.00 75.00
33 36 1 27.00 27.00
32 35 1 86.00 86.00
32 34 1 43.00 43.00
32 33 1 30.00 30.00
31 32 1 58.00 58.00
30 31 1 14.00 14.00
28 29 1 16.00 16.00
26 28 1 18.00 18.00
26 27 1 15.00 15.00
25 29 1 27.00 27.00
25 26 1 17.00 17.00
25 75 1 16.00 16.00
24 53 1 24.00 24.00
24 25 1 27.00 27.00
23 75 1 17.00 17.00
23 31 1 40.00 40.00
23 26 1 12.00 12.00
22 24 1 4.00 4.00
22 75 1 24.00 24.00
21 51 1 2.00 2.00
21 22 1 17.00 17.00
20 76 1 8.00 8.00
19 50 1 30.00 30.00
19 21 1 38.00 38.00
19 20 1 32.00 32.00
18 72 1 92.00 92.00
18 20 1 21.00 21.00
18 19 1 41.00 41.00
15 77 1 13.00 13.00
15 18 1 38.00 38.00
15 17 1 26.00 26.00
14 15 1 7.00 7.00
13 77 1 12.00 12.00
13 14 1 7.00 7.00
13 16 1 13.00 13.00
12 76 1 7.00 7.00
12 16 1 29.00 29.00
11 59 1 78.00 78.00
11 48 1 79.00 79.00
11 12 1 32.00 32.00
10 11 1 12.00 12.00
9 10 1 20.00 20.00
8 9 1 26.00 26.00
7 8 1 18.00 18.00
5 7 1 6.00 6.00
5 6 1 8.00 8.00
4 69 1 75.00 75.00
4 5 1 56.00 56.00
2 4 1 17.00 17.00
2 3 1 14.00 14.00
1 2 1 32.00 32.00



-------------------
SOLUTION ATTRIBUTES
-------------------
PATH_REQUIRED_ARCS <no.> <cost> <remaining capacity> <# req. arcs>: <reqArc 1-start>-<reqArc 1-end> <reqArc 2-start>-<reqArc 2-end> ... <reqArc k-start>-<reqArc k-end>
PATH 1 176.0 4.0 10: 27-26 26-28 28-29 29-25 25-24 24-22 22-75 75-25 25-26 26-23 
PATH 2 186.0 8.0 5: 34-32 32-31 31-30 31-23 23-75 
PATH 3 151.0 37.0 11: 53-24 22-21 51-21 21-19 19-50 52-53 53-51 51-49 49-50 50-52 52-54 
PATH 4 173.0 7.0 7: 49-47 47-46 46-45 45-44 44-43 43-42 42-41 
PATH 5 180.0 7.0 7: 37-39 39-40 40-41 41-35 35-39 35-32 32-33 
PATH 6 110.0 70.0 3: 36-33 33-37 37-38 
PATH 7 180.0 0.0 5: 56-42 42-57 57-58 58-60 60-67 
PATH 8 142.0 47.0 6: 55-56 56-67 67-62 62-63 63-64 63-65 
PATH 9 123.0 57.0 4: 68-66 66-62 62-60 60-61 
PATH 10 179.0 1.0 8: 69-59 59-11 11-10 10-9 9-8 8-7 7-5 5-6 
PATH 11 133.0 61.0 4: 5-4 4-2 2-3 2-1 
PATH 12 173.0 7.0 5: 4-69 69-58 58-59 59-44 44-46 
PATH 13 177.0 10.0 6: 47-48 48-11 11-12 12-76 12-16 16-13 
PATH 14 167.0 13.0 9: 77-76 76-20 20-18 18-15 15-77 77-13 13-14 14-15 15-17 
PATH 15 175.0 10.0 4: 20-19 19-18 18-72 73-71 
PATH 16 92.0 88.0 4: 74-73 73-72 72-71 71-70 
(Note: subsequent required arcs are traversed through their shortest paths)

TOTAL_COST = 2517.0

