-------------------
INSTANCE ATTRIBUTES
-------------------
NAME: egl-s3-B.ocarp
VEHICLES: 24
CAPACITY: 160
NODES: 140
EDGES: 190
REQUIRED_EDGES: 159
<NODE1> <NODE2> <REQ> <COST> <DEMAND>
136 138 1 5.00 5.00
136 137 1 29.00 29.00
134 136 1 31.00 31.00
134 135 1 14.00 14.00
133 135 1 19.00 19.00
133 134 1 10.00 10.00
132 133 1 7.00 7.00
131 138 1 47.00 47.00
131 132 1 5.00 5.00
128 129 1 23.00 23.00
127 129 1 11.00 11.00
127 128 1 22.00 22.00
126 131 1 26.00 26.00
126 130 1 35.00 35.00
126 127 1 15.00 15.00
125 138 1 20.00 20.00
124 126 1 11.00 11.00
123 125 0 32.00 0.00
123 124 0 29.00 0.00
122 123 0 15.00 0.00
121 122 0 8.00 0.00
120 123 0 32.00 0.00
120 121 0 16.00 0.00
119 120 1 14.00 14.00
118 121 0 17.00 0.00
117 119 1 24.00 24.00
117 118 1 49.00 49.00
116 117 1 19.00 19.00
115 117 1 20.00 20.00
115 116 1 10.00 10.00
114 118 1 58.00 58.00
114 115 1 36.00 36.00
113 114 1 12.00 12.00
112 113 1 4.00 4.00
110 112 1 13.00 13.00
110 111 1 7.00 7.00
108 109 1 103.00 103.00
107 112 1 13.00 13.00
107 110 1 8.00 8.00
107 108 1 25.00 25.00
106 108 1 38.00 38.00
106 107 1 28.00 28.00
105 106 1 15.00 15.00
104 105 1 6.00 6.00
103 113 1 46.00 46.00
102 103 0 42.00 0.00
102 104 1 21.00 21.00
101 102 0 17.00 0.00
99 100 1 33.00 33.00
97 99 1 37.00 37.00
97 98 1 3.00 3.00
96 99 1 10.00 10.00
96 97 1 17.00 17.00
95 96 1 8.00 8.00
94 101 0 4.00 0.00
94 100 0 17.00 0.00
94 95 0 49.00 0.00
93 94 0 17.00 0.00
91 118 0 35.00 0.00
91 103 0 27.00 0.00
90 91 0 7.00 0.00
89 92 1 10.00 10.00
88 90 0 12.00 0.00
88 89 0 14.00 0.00
87 122 0 15.00 0.00
86 88 0 33.00 0.00
86 87 1 4.00 4.00
85 86 1 20.00 20.00
84 92 1 29.00 29.00
84 85 1 10.00 10.00
83 84 1 18.00 18.00
82 92 1 26.00 26.00
82 84 1 13.00 13.00
82 83 1 10.00 10.00
81 83 1 17.00 17.00
80 82 1 16.00 16.00
80 81 1 10.00 10.00
79 81 1 9.00 9.00
79 80 1 12.00 12.00
78 79 1 12.00 12.00
77 78 1 15.00 15.00
76 77 1 10.00 10.00
75 76 1 47.00 47.00
74 76 1 27.00 27.00
73 74 1 5.00 5.00
72 74 1 15.00 15.00
72 73 1 18.00 18.00
71 75 1 36.00 36.00
71 72 1 9.00 9.00
70 71 1 9.00 9.00
69 71 1 6.00 6.00
69 70 1 8.00 8.00
68 90 0 67.00 0.00
67 69 1 4.00 4.00
67 68 1 9.00 9.00
66 101 0 28.00 0.00
66 91 0 69.00 0.00
66 67 1 33.00 33.00
64 93 1 28.00 28.00
64 65 1 15.00 15.00
63 93 1 25.00 25.00
63 64 1 9.00 9.00
62 66 1 37.00 37.00
62 63 1 7.00 7.00
60 61 1 35.00 35.00
59 61 1 31.00 31.00
59 60 1 18.00 18.00
58 70 1 11.00 11.00
58 59 1 40.00 40.00
57 62 1 14.00 14.00
57 58 1 20.00 20.00
56 65 0 30.00 0.00
56 57 1 49.00 49.00
55 140 1 14.00 14.00
55 56 1 4.00 4.00
54 140 1 18.00 18.00
54 55 1 10.00 10.00
53 140 1 24.00 24.00
52 53 1 12.00 12.00
51 52 1 12.00 12.00
50 51 1 30.00 30.00
49 61 1 13.00 13.00
49 140 1 24.00 24.00
48 139 0 49.00 0.00
48 50 1 8.00 8.00
48 49 1 10.00 10.00
46 77 1 16.00 16.00
46 47 1 7.00 7.00
45 60 1 15.00 15.00
44 73 1 36.00 36.00
44 45 1 14.00 14.00
43 46 1 5.00 5.00
43 44 1 31.00 31.00
42 47 1 4.00 4.00
42 43 1 5.00 5.00
41 47 1 99.00 99.00
40 41 1 12.00 12.00
39 40 1 18.00 18.00
38 41 1 10.00 10.00
38 39 1 6.00 6.00
37 43 1 16.00 16.00
37 42 1 17.00 17.00
36 38 1 25.00 25.00
36 37 1 20.00 20.00
35 37 1 17.00 17.00
35 36 1 4.00 4.00
34 45 1 4.00 4.00
34 35 1 59.00 59.00
34 139 1 49.00 49.00
33 139 1 13.00 13.00
30 32 1 28.00 28.00
30 31 1 41.00 41.00
29 33 1 52.00 52.00
28 30 1 5.00 5.00
28 29 1 5.00 5.00
27 28 1 6.00 6.00
26 31 0 12.00 0.00
25 27 1 19.00 19.00
25 26 1 48.00 48.00
24 25 1 10.00 10.00
23 26 0 20.00 0.00
23 24 1 56.00 56.00
21 23 0 55.00 0.00
20 24 1 33.00 33.00
20 22 1 10.00 10.00
20 21 1 58.00 58.00
18 19 0 6.00 0.00
17 18 1 8.00 8.00
15 17 1 13.00 13.00
15 16 1 8.00 8.00
13 16 1 12.00 12.00
13 17 1 6.00 6.00
13 14 1 18.00 18.00
12 20 1 34.00 34.00
12 13 1 12.00 12.00
11 27 1 50.00 50.00
11 33 1 24.00 24.00
11 12 1 25.00 25.00
10 19 1 28.00 28.00
10 15 1 13.00 13.00
9 10 0 12.00 0.00
8 11 1 48.00 48.00
8 9 1 37.00 37.00
6 7 0 21.00 0.00
6 8 1 10.00 10.00
5 6 1 26.00 26.00
4 124 1 67.00 67.00
3 128 1 41.00 41.00
2 117 1 16.00 16.00
1 116 1 18.00 18.00



-------------------
SOLUTION ATTRIBUTES
-------------------
PATH_REQUIRED_ARCS <no.> <cost> <remaining capacity> <# req. arcs>: <reqArc 1-start>-<reqArc 1-end> <reqArc 2-start>-<reqArc 2-end> ... <reqArc k-start>-<reqArc k-end>
PATH 1 167.0 5.0 4: 23-24 24-25 25-26 31-30 
PATH 2 151.0 15.0 7: 32-30 30-28 27-28 28-29 29-33 33-11 11-12 
PATH 3 106.0 60.0 7: 14-13 13-16 16-15 15-10 10-19 18-17 17-15 
PATH 4 73.0 87.0 3: 9-8 8-6 6-5 
PATH 5 170.0 0.0 5: 8-11 11-27 27-25 24-20 20-22 
PATH 6 110.0 50.0 4: 21-20 20-12 12-13 13-17 
PATH 7 150.0 10.0 5: 33-139 139-34 34-35 35-36 36-38 
PATH 8 160.0 4.0 7: 41-38 38-39 39-40 40-41 41-47 42-47 47-46 
PATH 9 168.0 0.0 11: 77-46 46-43 43-42 42-37 37-35 36-37 37-43 43-44 44-45 45-34 45-60 
PATH 10 166.0 5.0 6: 59-61 61-60 60-59 59-58 58-70 58-57 
PATH 11 141.0 23.0 10: 68-67 69-71 71-70 70-69 69-67 67-66 66-62 62-63 63-64 64-65 
PATH 12 137.0 23.0 9: 55-54 54-140 140-53 53-52 52-51 51-50 50-48 48-49 49-61 
PATH 13 165.0 2.0 7: 49-140 140-55 55-56 56-57 57-62 63-93 93-64 
PATH 14 119.0 52.0 6: 99-97 98-97 97-96 95-96 96-99 99-100 
PATH 15 155.0 12.0 9: 102-104 104-105 105-106 106-107 107-110 111-110 110-112 112-113 113-103 
PATH 16 164.0 6.0 5: 1-116 115-116 116-117 117-118 118-114 
PATH 17 141.0 19.0 2: 109-108 108-106 
PATH 18 180.0 0.0 8: 108-107 107-112 113-114 114-115 115-117 117-2 117-119 119-120 
PATH 19 166.0 4.0 10: 87-86 86-85 85-84 84-83 83-82 82-92 92-89 92-84 84-82 82-80 
PATH 20 130.0 35.0 5: 76-75 75-71 71-72 72-73 74-72 
PATH 21 162.0 7.0 10: 44-73 73-74 74-76 76-77 77-78 78-79 81-79 79-80 80-81 81-83 
PATH 22 159.0 6.0 8: 125-138 136-134 134-133 133-132 132-131 131-138 138-136 136-137 
PATH 23 149.0 23.0 5: 134-135 135-133 131-126 126-124 124-4 
PATH 24 169.0 13.0 6: 130-126 126-127 127-128 128-129 129-127 128-3 
(Note: subsequent required arcs are traversed through their shortest paths)

TOTAL_COST = 3558.0

