-------------------
INSTANCE ATTRIBUTES
-------------------
NAME: gdb23.ocarp
VEHICLES: 12
CAPACITY: 27
NODES: 11
EDGES: 55
REQUIRED_EDGES: 55
<NODE1> <NODE2> <REQ> <COST> <DEMAND>
10 11 1 4.00 4.00
9 11 1 7.00 6.00
9 10 1 4.00 5.00
8 11 1 6.00 4.00
8 10 1 5.00 8.00
8 9 1 4.00 8.00
7 11 1 4.00 3.00
7 10 1 6.00 1.00
7 9 1 1.00 8.00
7 8 1 2.00 2.00
6 11 1 4.00 2.00
6 10 1 6.00 2.00
6 9 1 6.00 3.00
6 8 1 3.00 8.00
6 7 1 5.00 7.00
5 11 1 7.00 1.00
5 10 1 6.00 3.00
5 9 1 8.00 5.00
5 8 1 4.00 3.00
5 7 1 5.00 1.00
5 6 1 8.00 4.00
4 11 1 4.00 9.00
4 10 1 2.00 8.00
4 9 1 6.00 1.00
4 8 1 7.00 5.00
4 7 1 5.00 6.00
4 6 1 1.00 1.00
4 5 1 2.00 1.00
3 11 1 2.00 1.00
3 10 1 2.00 6.00
3 9 1 4.00 7.00
3 8 1 5.00 5.00
3 7 1 1.00 4.00
3 6 1 4.00 1.00
3 5 1 1.00 2.00
3 4 1 7.00 6.00
2 11 1 2.00 8.00
2 10 1 7.00 7.00
2 9 1 8.00 9.00
2 8 1 7.00 9.00
2 7 1 3.00 4.00
2 6 1 1.00 5.00
2 5 1 8.00 6.00
2 4 1 1.00 6.00
2 3 1 5.00 7.00
1 11 1 1.00 8.00
1 10 1 2.00 5.00
1 9 1 2.00 1.00
1 8 1 1.00 4.00
1 7 1 2.00 8.00
1 6 1 3.00 7.00
1 5 1 3.00 9.00
1 4 1 1.00 4.00
1 3 1 7.00 1.00
1 2 1 1.00 7.00



-------------------
SOLUTION ATTRIBUTES
-------------------
PATH_REQUIRED_ARCS <no.> <cost> <remaining capacity> <# req. arcs>: <reqArc 1-start>-<reqArc 1-end> <reqArc 2-start>-<reqArc 2-end> ... <reqArc k-start>-<reqArc k-end>
PATH 1 8.0 7.0 3: 4-10 10-11 11-2 
PATH 2 13.0 4.0 5: 2-3 3-7 7-4 4-6 6-2 
PATH 3 28.0 4.0 7: 2-7 7-8 8-4 4-9 9-1 1-4 4-3 
PATH 4 15.0 5.0 4: 3-8 8-1 1-2 2-5 
PATH 5 31.0 0.0 9: 5-10 10-3 3-5 5-11 11-6 6-3 3-11 11-7 7-9 
PATH 6 27.0 0.0 6: 9-2 2-4 4-5 5-6 6-10 10-1 
PATH 7 22.0 3.0 5: 1-5 5-7 7-10 10-9 9-8 
PATH 8 19.0 3.0 3: 8-2 2-10 10-8 
PATH 9 32.0 1.0 6: 8-5 5-9 9-3 3-1 1-6 6-9 
PATH 10 21.0 2.0 4: 9-11 11-8 8-6 6-7 
PATH 11 7.0 2.0 3: 7-1 1-11 11-4 
PATH 12 0.0 27.0 0: 
(Note: subsequent required arcs are traversed through their shortest paths)

TOTAL_COST = 223.0

