-------------------
INSTANCE ATTRIBUTES
-------------------
NAME: gdb9.ocarp
VEHICLES: 12
CAPACITY: 27
NODES: 27
EDGES: 51
REQUIRED_EDGES: 51
<NODE1> <NODE2> <REQ> <COST> <DEMAND>
26 27 1 3.00 8.00
25 26 1 4.00 1.00
24 27 1 5.00 9.00
23 26 1 3.00 2.00
23 24 1 5.00 9.00
22 25 1 3.00 4.00
22 23 1 1.00 6.00
21 25 1 8.00 4.00
21 23 1 7.00 6.00
21 22 1 8.00 2.00
20 21 1 1.00 8.00
18 25 1 3.00 7.00
18 21 1 2.00 9.00
16 17 1 9.00 1.00
15 20 1 8.00 2.00
15 17 1 3.00 7.00
14 21 1 5.00 5.00
14 20 1 5.00 5.00
14 18 1 2.00 9.00
14 16 1 9.00 3.00
13 15 1 4.00 7.00
13 14 1 4.00 1.00
12 19 1 2.00 1.00
12 13 1 4.00 2.00
10 11 1 5.00 5.00
8 27 1 1.00 2.00
8 24 1 2.00 3.00
8 9 1 6.00 5.00
7 11 1 6.00 7.00
6 10 1 2.00 8.00
6 9 1 6.00 9.00
6 8 1 6.00 4.00
6 7 1 3.00 1.00
5 9 1 3.00 3.00
5 6 1 2.00 9.00
4 19 1 3.00 1.00
4 12 1 1.00 2.00
4 10 1 1.00 4.00
4 6 1 7.00 9.00
4 5 1 2.00 9.00
3 8 1 6.00 8.00
3 6 1 4.00 3.00
3 4 1 7.00 4.00
2 12 1 1.00 9.00
2 1 1 3.00 2.00
1 27 1 7.00 4.00
1 24 1 6.00 1.00
1 19 1 1.00 7.00
1 17 1 5.00 8.00
1 15 1 8.00 5.00
1 3 1 7.00 8.00



-------------------
SOLUTION ATTRIBUTES
-------------------
PATH_REQUIRED_ARCS <no.> <cost> <remaining capacity> <# req. arcs>: <reqArc 1-start>-<reqArc 1-end> <reqArc 2-start>-<reqArc 2-end> ... <reqArc k-start>-<reqArc k-end>
PATH 1 8.0 12.0 2: 15-17 17-1 
PATH 2 30.0 1.0 5: 1-27 27-24 24-1 1-15 15-13 
PATH 3 16.0 5.0 4: 10-11 11-7 7-6 6-5 
PATH 4 22.0 3.0 4: 6-3 3-8 8-6 6-9 
PATH 5 8.0 3.0 4: 9-5 5-4 4-10 10-6 
PATH 6 21.0 6.0 3: 6-4 4-3 3-1 
PATH 7 19.0 2.0 8: 19-1 1-2 2-12 12-19 19-4 4-12 12-13 13-14 
PATH 8 26.0 1.0 6: 18-25 25-26 26-23 23-21 21-20 20-15 
PATH 9 22.0 5.0 4: 17-16 16-14 14-18 18-21 
PATH 10 29.0 7.0 5: 21-25 25-22 22-21 21-14 14-20 
PATH 11 8.0 9.0 3: 22-23 23-24 24-8 
PATH 12 10.0 12.0 3: 26-27 27-8 8-9 
(Note: subsequent required arcs are traversed through their shortest paths)

TOTAL_COST = 219.0

