[3 2] - 0.570 (128)
[2 3] - 0.541 (122)
[4 5] - 0.533 (122)
[5 4] - 0.496 (115)
Select move [3 2] with win pct 0.570
Rounds:  487
Temperature:  6
Time:  4.320046700013336
-1 [3 2]
[[ 0  0  0  0  0  0  0  0]
 [ 0  0  0  0  0  0  0  0]
 [ 0  0  0  0  0  0  0  0]
 [ 0  0 -1 -1 -1  0  0  0]
 [ 0  0  0 -1  1  0  0  0]
 [ 0  0  0  0  0  0  0  0]
 [ 0  0  0  0  0  0  0  0]
 [ 0  0  0  0  0  0  0  0]]
-------------------------
[2 4] - 0.449 (176)
[4 2] - 0.434 (173)
[2 2] - 0.406 (165)
Select move [2 4] with win pct 0.449
Rounds:  514
Temperature:  6
Time:  4.411469900049269
1 [2 4]
[[ 0  0  0  0  0  0  0  0]
 [ 0  0  0  0  0  0  0  0]
 [ 0  0  0  0  1  0  0  0]
 [ 0  0 -1 -1  1  0  0  0]
 [ 0  0  0 -1  1  0  0  0]
 [ 0  0  0  0  0  0  0  0]
 [ 0  0  0  0  0  0  0  0]
 [ 0  0  0  0  0  0  0  0]]
-------------------------
[4 5] - 0.558 (113)
[3 5] - 0.549 (113)
[1 5] - 0.460 (100)
[5 5] - 0.449 (98)
[2 5] - 0.438 (96)
Select move [4 5] with win pct 0.558
Rounds:  520
Temperature:  6
Time:  4.60766550002154
-1 [4 5]
[[ 0  0  0  0  0  0  0  0]
 [ 0  0  0  0  0  0  0  0]
 [ 0  0  0  0  1  0  0  0]
 [ 0  0 -1 -1  1  0  0  0]
 [ 0  0  0 -1 -1 -1  0  0]
 [ 0  0  0  0  0  0  0  0]
 [ 0  0  0  0  0  0  0  0]
 [ 0  0  0  0  0  0  0  0]]
-------------------------
[5 4] - 0.496 (117)
[4 2] - 0.464 (112)
[5 2] - 0.455 (110)
[3 1] - 0.450 (109)
[5 6] - 0.326 (92)
Select move [5 4] with win pct 0.496
Rounds:  540
Temperature:  6
Time:  4.52695319999475
1 [5 4]
[[ 0  0  0  0  0  0  0  0]
 [ 0  0  0  0  0  0  0  0]
 [ 0  0  0  0  1  0  0  0]
 [ 0  0 -1 -1  1  0  0  0]
 [ 0  0  0 -1  1 -1  0  0]
 [ 0  0  0  0  1  0  0  0]
 [ 0  0  0  0  0  0  0  0]
 [ 0  0  0  0  0  0  0  0]]
-------------------------
[5 5] - 0.607 (84)
[6 3] - 0.590 (83)
[6 5] - 0.562 (80)
[3 5] - 0.557 (79)
[1 5] - 0.532 (77)
[2 3] - 0.500 (74)
[2 5] - 0.443 (70)
Select move [5 5] with win pct 0.607
Rounds:  547
Temperature:  6
Time:  4.260918399959337
-1 [5 5]
[[ 0  0  0  0  0  0  0  0]
 [ 0  0  0  0  0  0  0  0]
 [ 0  0  0  0  1  0  0  0]
 [ 0  0 -1 -1  1  0  0  0]
 [ 0  0  0 -1 -1 -1  0  0]
 [ 0  0  0  0  1 -1  0  0]
 [ 0  0  0  0  0  0  0  0]
 [ 0  0  0  0  0  0  0  0]]
-------------------------
[4 2] - 0.485 (103)
[5 2] - 0.480 (102)
[3 1] - 0.470 (100)
[3 6] - 0.443 (97)
[5 6] - 0.396 (91)
[2 1] - 0.313 (83)
Select move [4 2] with win pct 0.485
Rounds:  576
Temperature:  6
Time:  4.7027157000266016
1 [4 2]
[[ 0  0  0  0  0  0  0  0]
 [ 0  0  0  0  0  0  0  0]
 [ 0  0  0  0  1  0  0  0]
 [ 0  0 -1  1  1  0  0  0]
 [ 0  0  1 -1 -1 -1  0  0]
 [ 0  0  0  0  1 -1  0  0]
 [ 0  0  0  0  0  0  0  0]
 [ 0  0  0  0  0  0  0  0]]
-------------------------
[1 4] - 0.554 (56)
[6 5] - 0.536 (56)
[6 4] - 0.536 (56)
[4 1] - 0.527 (55)
[6 3] - 0.519 (54)
[5 2] - 0.519 (54)
[3 5] - 0.472 (53)
[2 3] - 0.408 (49)
[2 5] - 0.408 (49)
[2 2] - 0.388 (49)
[5 3] - 0.375 (48)
Select move [1 4] with win pct 0.554
Rounds:  579
Temperature:  6
Time:  4.415102800005116
-1 [1 4]
[[ 0  0  0  0  0  0  0  0]
 [ 0  0  0  0 -1  0  0  0]
 [ 0  0  0  0 -1  0  0  0]
 [ 0  0 -1  1 -1  0  0  0]
 [ 0  0  1 -1 -1 -1  0  0]
 [ 0  0  0  0  1 -1  0  0]
 [ 0  0  0  0  0  0  0  0]
 [ 0  0  0  0  0  0  0  0]]
-------------------------
[6 6] - 2.368 (57)
[0 4] - 1.222 (54)
[3 5] - 0.500 (58)
[1 5] - 0.474 (57)
[4 6] - 0.436 (55)
[5 3] - 0.426 (54)
[2 2] - 0.426 (54)
[3 6] - 0.426 (54)
[3 1] - 0.407 (54)
[2 1] - 0.385 (52)
[5 6] - 0.327 (49)
Select move [3 5] with win pct 0.500
Rounds:  598
Temperature:  6
Time:  4.450978400011081
1 [3 5]
[[ 0  0  0  0  0  0  0  0]
 [ 0  0  0  0 -1  0  0  0]
 [ 0  0  0  0 -1  0  0  0]
 [ 0  0 -1  1  1  1  0  0]
 [ 0  0  1 -1 -1 -1  0  0]
 [ 0  0  0  0  1 -1  0  0]
 [ 0  0  0  0  0  0  0  0]
 [ 0  0  0  0  0  0  0  0]]
-------------------------
[2 3] - 0.630 (54)
[4 1] - 0.615 (52)
[4 6] - 0.569 (51)
[6 5] - 0.569 (51)
[2 6] - 0.521 (48)
[2 5] - 0.511 (47)
[5 1] - 0.511 (47)
[5 3] - 0.511 (47)
[6 3] - 0.489 (47)
[2 2] - 0.478 (46)
[3 6] - 0.478 (46)
[6 4] - 0.395 (43)
[5 2] - 0.381 (42)
Select move [2 3] with win pct 0.630
Rounds:  621
Temperature:  6
Time:  4.482389399956446
-1 [2 3]
[[ 0  0  0  0  0  0  0  0]
 [ 0  0  0  0 -1  0  0  0]
 [ 0  0  0 -1 -1  0  0  0]
 [ 0  0 -1 -1 -1  1  0  0]
 [ 0  0  1 -1 -1 -1  0  0]
 [ 0  0  0  0  1 -1  0  0]
 [ 0  0  0  0  0  0  0  0]
 [ 0  0  0  0  0  0  0  0]]
-------------------------
[0 4] - 1.424 (59)
[4 6] - 0.597 (67)
[2 1] - 0.475 (59)
[5 6] - 0.475 (59)
[3 6] - 0.458 (59)
[2 2] - 0.458 (59)
[3 1] - 0.429 (56)
[6 5] - 0.429 (56)
[1 3] - 0.411 (56)
[5 3] - 0.346 (52)
[1 5] - 0.300 (50)
Select move [4 6] with win pct 0.597
Rounds:  632
Temperature:  6
Time:  4.434315399965271
1 [4 6]
[[ 0  0  0  0  0  0  0  0]
 [ 0  0  0  0 -1  0  0  0]
 [ 0  0  0 -1 -1  0  0  0]
 [ 0  0 -1 -1 -1  1  0  0]
 [ 0  0  1  1  1  1  1  0]
 [ 0  0  0  0  1 -1  0  0]
 [ 0  0  0  0  0  0  0  0]
 [ 0  0  0  0  0  0  0  0]]
-------------------------
[5 7] - 1.732 (71)
[3 7] - 1.632 (68)
[5 6] - 0.551 (69)
[6 4] - 0.544 (68)
[5 2] - 0.500 (66)
[6 5] - 0.500 (66)
[5 3] - 0.484 (64)
[2 5] - 0.476 (63)
[3 6] - 0.476 (63)
[5 1] - 0.460 (63)
Select move [5 7] with win pct 1.732
Rounds:  661
Temperature:  6
Time:  4.29967790003866
-1 [5 7]
[[ 0  0  0  0  0  0  0  0]
 [ 0  0  0  0 -1  0  0  0]
 [ 0  0  0 -1 -1  0  0  0]
 [ 0  0 -1 -1 -1 -1  0  0]
 [ 0  0  1  1  1  1 -1  0]
 [ 0  0  0  0  1 -1  0 -1]
 [ 0  0  0  0  0  0  0  0]
 [ 0  0  0  0  0  0  0  0]]
-------------------------
[6 6] - 2.143 (56)
[4 7] - 1.232 (56)
[0 4] - 1.200 (55)
[2 1] - 0.532 (62)
[5 6] - 0.500 (60)
[1 2] - 0.466 (58)
[2 5] - 0.418 (55)
[1 3] - 0.411 (56)
[1 5] - 0.377 (53)
[6 5] - 0.358 (53)
[2 6] - 0.333 (51)
[2 2] - 0.314 (51)
Select move [2 1] with win pct 0.532
Rounds:  666
Temperature:  6
Time:  4.357788600027561
1 [2 1]
[[ 0  0  0  0  0  0  0  0]
 [ 0  0  0  0 -1  0  0  0]
 [ 0  1  0 -1 -1  0  0  0]
 [ 0  0  1 -1 -1 -1  0  0]
 [ 0  0  1  1  1  1 -1  0]
 [ 0  0  0  0  1 -1  0 -1]
 [ 0  0  0  0  0  0  0  0]
 [ 0  0  0  0  0  0  0  0]]
-------------------------
[3 1] - 0.553 (103)
[5 3] - 0.553 (103)
[5 6] - 0.539 (102)
[6 4] - 0.520 (100)
[4 1] - 0.484 (95)
[5 1] - 0.473 (93)
[5 2] - 0.393 (84)
Select move [3 1] with win pct 0.553
Rounds:  680
Temperature:  6
Time:  4.201782899966929
-1 [3 1]
[[ 0  0  0  0  0  0  0  0]
 [ 0  0  0  0 -1  0  0  0]
 [ 0  1  0 -1 -1  0  0  0]
 [ 0 -1 -1 -1 -1 -1  0  0]
 [ 0  0  1  1  1  1 -1  0]
 [ 0  0  0  0  1 -1  0 -1]
 [ 0  0  0  0  0  0  0  0]
 [ 0  0  0  0  0  0  0  0]]
-------------------------
